3 3
4 2
17 2
46 1
54 7
58 2
59 9
74 3
76 5
82 8
88 8
91 3
101 2
113 6
114 4
115 5
121 3
129 4
131 5
140 6
143 9
144 5
149 3
150 8
162 7
180 7
185 7
187 6
195 6
199 5
215 9
217 8
221 9
224 4
234 3
239 2
242 1
248 4
250 4
271 2
281 3
291 2
292 3
294 7
305 4
315 6
318 6
321 7
322 4
343 2
354 8
360 2
368 3
369 7
370 7
372 8
379 8
387 7
400 3
407 6
415 2
428 8
430 3
431 3 
434 2
436 6
438 8
440 9
441 2
445 3
446 4
454 1
455 2
456 4
461 6
471 6
472 7
474 8
476 2
481 6
484 4
488 7
489 2
493 8
495 7
496 9
498 9
513 3
529 8
535 3
551 2
553 4
554 3
563 2
568 2
569 2
571 0
576 5
579 6
581 3
582 5
598 2
603 8
605 2
608 2
617 2
624 3
627 3
628 4
634 4
639 6
640 4
643 4
645 5
650 2
654 5
669 2
685 8
691 2
695 8
697 1
707 7
709 7
718 8
728 6
732 2
733 1
739 7
741 9
747 6
754 7
757 8
787 8
789 6
798 6
805 4
814 4
823 4
830 6
838 1
841 1
845 2
847 1
849 3
852 3
880 2
888 1
900 3
923 6
946 1
960 2
969 3
970 3
971 6
972 4
973 3
976 2
992 5
993 2
995 6
997 5
1000 5
1003 7
1009 8
1010 2
1013 2
1014 3
1018 2
1059 1
1063 0
1070 3