1 8
2 6
5 6
6 9
8 4
9 5
10 4
11 5
12 4
13 7
14 3
18 4
19 4
20 1
21 2
22 6
23 7
25 1
26 3
29 8
30 0
35 3
36 4
37 2
42 5
44 8
45 9
47 6
48 8
50 9
59 6
60 2
21 3
82 4
83 9
87 8
90 9
103 3
104 4
110 7
116 7
119 2
122 3
129 8
130 7
136 6
141 4
143 3
148 4
151 6
162 4
165 3
167 2
170 4
172 3
201 8
205 3
211 4
216 5
228 3
231 7
241 8
254 8
257 3
265 3
284 2
286 2
289 4
290 8
293 6
297 6
307 8
308 9
312 2
317 2
319 1
339 7
340 8
344 4
348 3
350 5
351 1
353 2
370 1
376 8
385 8
388 7
391 2
393 7
395 6
396 7
397 6
404 6
406 9
412 9
418 8
419 5
420 6
421 5
423 4
448 5
452 9
459 6
460 7
463 6
466 5
474 7
482 8
492 3
500 2
505 6
510 6
511 3
518 8
533 4
540 9
547 3
583 5
585 6
591 7
790 5
795 6
803 5
812 5
821 8
822 6
826 4
833 9
837 9
838 8
839 7
845 8
850 8
854 9
856 9
862 6
863 5
866 7
868 8
869 8
870 6
872 6
875 6
877 7
878 7
894 9
898 7
900 7
903 5
905 5
909 9
913 8
914 9
