/home/tianli/face_detection/results_one_person/original/google_beach_person/455.jpg 549.442744136 714.656437755 545.57004118 625.807953835 509.989888191 490.955359459 578.42374754 500.129004478 607.409480572 611.577430516 604.656125009 710.289978266 399.40920639 353.084442616 446.433531046 405.028841019 511.791794538 357.39582932 614.496775627 360.288671017 635.37653178 447.028881311 680.229060173 504.710246325 558.64265275 326.449030399 549.448463917 263.695122719  
/home/tianli/face_detection/results_one_person/original/google_beach_person/841.jpg 112.67903471 359.770928621 118.352963448 291.131023407 129.152566195 217.799544811 165.120830894 221.222376704 160.677737474 296.26528573 157.116396427 356.937134922 101.415472746 238.627831936 109.009007335 189.429835916 113.245349169 137.95130682 187.248296976 137.897994995 194.880952358 186.887394905 197.634353161 233.621503592 149.170257449 122.029095769 151.343941212 73.285394907  
/home/tianli/face_detection/results_one_person/original/google_beach_person/997.jpg 197.330831528 511.949518204 165.889212847 405.597926021 161.477075338 301.379129171 117.725013494 309.372634411 164.183492139 405.680743217 197.085171223 513.246380091 226.184504867 171.531614512 149.460275173 206.529659986 151.478504658 147.264989793 86.5763111115 171.813308895 83.5647726357 251.757730961 122.491725206 271.002223969 116.83859849 139.999897173 112.438926697 70.3366546631  
/home/tianli/face_detection/results_one_person/original/google_beach_person/1014.jpg 156.440322369 358.741097212 165.443348527 307.546048999 164.753036201 249.079660892 162.975269675 252.177336723 139.141649365 304.08527565 156.517185211 361.333940506 158.031239748 357.369189143 164.22301504 305.508864164 166.451684713 236.608800888 156.395906687 236.491262466 175.671551704 261.464063168 157.144857526 357.727264643 166.918421268 228.61525768 161.460719824 186.704345584  
/home/tianli/face_detection/results_one_person/original/google_beach_person/569.jpg 228.204348683 257.970905066 227.644900441 191.769096613 220.88119334 124.129099101 228.992960572 118.549576521 238.551045895 189.993142009 228.878998458 253.010270357 252.645411611 163.740599185 246.362371445 129.696479797 244.702887535 88.4919257164 246.495046139 89.0565347672 247.042326927 129.788652658 254.737390041 164.209235609 229.606708646 86.1151030064 227.255373716 46.8498361111  
/home/tianli/face_detection/results_one_person/original/google_beach_person/368.jpg 172.797565222 229.204786897 196.039194703 185.017569304 166.712590218 156.463237524 177.035290241 148.709078848 194.686672807 184.606737137 173.899848461 226.934285164 182.46658659 161.485345364 188.623609424 133.280123472 180.831427932 99.0571830273 180.088826492 94.1649086475 190.811595678 124.198092073 217.929052353 85.9751396179 182.150060654 92.3524018526 195.808493674 58.5683456659  
/home/tianli/face_detection/results_one_person/original/google_beach_person/294.jpg 164.119895935 322.44773221 123.134752691 278.473432779 156.098575063 305.792138815 186.355714917 301.441654205 194.657898188 314.527408361 166.75403738 321.581570864 162.912942052 311.744975805 150.597811699 277.831993103 146.024681449 231.082499981 195.984907775 229.793903112 195.969504675 266.761760831 191.561589956 289.668244839 172.112316586 221.159444571 177.276493311 171.38971597  
/home/tianli/face_detection/results_one_person/original/google_beach_person/114.jpg 175.554285526 346.664572001 176.332956314 283.358138919 173.809131026 207.104435921 212.228941426 207.695427418 219.064359844 282.953025699 223.987591743 346.151600242 163.732376844 168.707485437 141.589343071 165.748553753 159.458247423 127.896631479 229.00285387 124.712038636 245.212117076 161.951461554 223.613846302 179.577121377 194.780579686 109.349582672 195.61409995 62.1035125256  
/home/tianli/face_detection/results_one_person/original/google_beach_person/847.jpg 638.552653074 837.06382978 538.710034132 384.229628563 625.138409853 470.0629673 691.71651262 490.538913131 667.608668 649.687037706 664.99928689 787.119649768 572.037475601 300.494703412 538.876069427 381.00553453 611.22278583 332.902158856 718.756963253 326.845863342 731.592684388 426.431518197 747.221637785 511.86936307 662.012681484 298.90799427 658.34736371 237.361445189  
/home/tianli/face_detection/results_one_person/original/google_beach_person/627.jpg 384.869760513 666.630182862 370.7353549 578.061254978 329.115965605 445.469397306 398.914787292 446.507574081 372.813758016 573.770694017 384.204642057 653.584925532 279.368225336 462.919078588 289.373707771 378.428909659 299.374872088 303.474317312 420.814235866 295.431200266 441.322195053 385.006815672 443.77509293 456.205976963 358.949848652 264.346474409 354.167722702 195.359326005  
/home/tianli/face_detection/results_one_person/original/google_beach_person/739.jpg 375.397307634 432.662342548 323.894630536 417.918070316 240.253994465 410.919292212 247.586117268 390.818439245 322.412856817 377.021604538 389.555741429 415.069956541 147.696141094 415.574179173 216.725741386 381.933763504 181.100125074 335.881110668 180.621008456 333.730619669 218.919228673 373.426683307 252.489394844 382.102909088 186.358814478 326.453867912 194.848673105 276.637339294  
/home/tianli/face_detection/results_one_person/original/google_beach_person/493.jpg 670.11204505 564.447115242 812.946881831 520.039587259 810.088413835 511.272124052 858.706772327 171.448063374 709.713917971 510.931541681 671.457499266 566.620011806 910.820713997 492.073645301 870.861487627 465.513188839 834.678736567 424.857674122 819.449647665 423.239370584 862.938277245 460.947989821 893.743371248 490.661910415 828.830681682 423.376460791 856.415394306 383.763792992  
/home/tianli/face_detection/results_one_person/original/google_beach_person/321.jpg 830.532634735 255.340718269 665.07350421 362.775833607 596.370140374 313.428930521 557.336971641 312.066811562 573.504357696 412.316668808 589.004237652 499.591862291 603.098203957 257.471998215 631.049670458 254.528795958 609.965008974 220.976722598 537.154732704 223.110099554 521.638178349 255.239643097 546.992814183 262.969884157 573.21410358 201.448478699 572.782366514 148.16180411  
/home/tianli/face_detection/results_one_person/original/google_beach_person/387.jpg 151.421047688 348.440196842 147.727606505 323.363907456 153.026748657 284.895207942 177.129801273 279.047421455 180.177846089 307.318020225 180.929748952 329.94691515 143.0268929 313.316209078 140.992076874 276.977243066 137.113014698 239.613447189 174.621168852 232.455574751 175.407944918 259.948771797 177.242852926 273.592609167 156.559028685 233.049202919 151.92291069 189.236956  
/home/tianli/face_detection/results_one_person/original/google_beach_person/754.jpg 401.679373503 469.107262969 419.192769945 418.015525937 422.523835182 357.962474108 393.378118277 356.646214545 391.494720936 418.91387403 400.380693436 467.093454123 429.536772728 331.201912522 448.982373238 309.315263629 429.852198601 277.048919916 377.872735977 280.507073641 354.646326065 310.724918842 376.612287521 333.84055841 403.568178803 272.744174957 397.530049205 225.134091139  
/home/tianli/face_detection/results_one_person/original/google_beach_person/379.jpg 238.486865044 189.091823936 231.366900921 163.571601599 227.751996696 119.153577566 251.2392506 118.403678656 250.627246737 161.958909512 249.982758284 191.739067793 218.058425546 109.467580676 214.592213631 92.722500205 220.107838251 68.0153305531 258.816105604 64.1303210258 273.497664928 86.6152532101 279.970346928 107.08980149 241.256139278 62.4555826187 241.634707928 14.9237351418  
/home/tianli/face_detection/results_one_person/original/google_beach_person/852.jpg 473.517740488 386.998493791 476.591204524 328.429948807 477.541113734 265.065400839 511.57757473 259.893708728 531.690060914 329.504633188 558.892740726 396.900866508 460.832042456 272.285514355 457.647364616 236.09450864 458.728922963 198.268336773 510.41593647 180.759288192 526.376940727 222.325089455 533.549308896 257.048110008 481.454535484 185.421625853 462.365184307 141.559103489  
/home/tianli/face_detection/results_one_person/original/google_beach_person/291.jpg 336.139723301 271.37542057 337.600574732 230.286590576 347.465775728 178.355825901 339.973234801 179.999179321 347.791262418 227.868087247 346.966167331 268.241099373 369.319099665 181.766261935 356.069960251 149.900610805 348.341071188 139.996508614 325.849450946 139.654352099 320.511244774 162.676942945 320.544950962 189.512098074 335.783124447 135.121555328 332.674639404 118.650167942  
/home/tianli/face_detection/results_one_person/original/google_beach_person/838.jpg 488.542610645 533.692356348 509.060677767 472.595863104 507.742473245 396.605195463 538.023604989 394.317161322 529.560852051 472.126012325 510.186402082 528.986038685 484.793873072 396.897261083 474.948099136 346.389303803 475.123647869 295.679671288 541.369936705 294.430568457 544.732550621 342.463094473 550.746305466 387.96720767 512.897423267 275.071797788 518.548270226 217.442589998  
/home/tianli/face_detection/results_one_person/original/google_beach_person/923.jpg 1126.06194687 777.779330015 1140.2664175 694.499255657 1106.78457069 546.830169439 1164.47714308 509.052677631 1116.28440425 671.711868048 1117.85487795 826.377535224 1046.05643845 568.288369417 1075.22066528 487.612145662 1183.70594049 381.880600214 1073.80842614 390.89325881 1210.0790478 483.055597901 1239.76553273 553.396265745 1125.40477824 371.886271313 1100.01839518 322.875766397  
/home/tianli/face_detection/results_one_person/original/google_beach_person/140.jpg 213.050887465 350.260592222 265.011420727 302.448935509 209.322485924 352.175206184 113.689473867 361.20361805 76.4577051699 302.172156334 107.516720504 352.569305897 289.494428873 290.140107512 250.483983636 280.968806028 225.71765542 184.329680681 93.8143788576 178.688387752 87.4247467518 273.753831148 60.976025939 285.227688789 160.575361729 137.867391348 160.423073053 70.6192173958  
/home/tianli/face_detection/results_one_person/original/google_beach_person/529.jpg 534.425022125 378.738921642 581.155679464 318.236962795 547.854286209 226.960588813 514.346920609 233.332579851 534.958758354 314.292034984 534.035015583 379.631320149 522.948060751 18.3320102692 544.277700424 59.1111407876 534.84200716 114.584478855 485.088068247 125.199358582 480.310697556 78.7256100178 485.852093101 25.1653449535 510.907338858 117.136456132 508.633961141 72.9379434586  
/home/tianli/face_detection/results_one_person/original/google_beach_person/960.jpg 172.6355775 327.257138491 170.52041769 265.708739042 150.696851015 205.600198746 181.177562833 208.951583385 170.387927294 266.209900141 153.686852455 300.770412982 124.09124507 173.8580513 127.448771477 143.627034664 140.566282749 125.031634808 195.067133605 129.320940733 214.860613823 166.113607168 195.035221815 145.656256199 167.165929317 120.206696033 167.019820452 72.4957666397  
/home/tianli/face_detection/results_one_person/original/google_beach_person/149.jpg 286.978188753 301.784002304 286.622200012 256.60643816 289.559446573 200.967031002 264.248058319 201.044055939 265.447487593 255.350224495 269.495729566 301.272958517 285.460299253 170.798433185 300.142637864 160.800634623 287.595529079 132.266685396 248.639398575 136.550600767 243.522038549 172.433696806 264.126524925 164.593861103 267.735096604 125.808319569 261.062433004 87.9046955109  
/home/tianli/face_detection/results_one_person/original/google_beach_person/617.jpg 648.320670843 803.368052125 631.562636614 699.267943561 630.037360191 573.505240917 684.648531675 572.444197416 705.896704674 700.474085331 701.982546091 796.002994752 595.007178903 601.507494926 596.529747128 540.475368023 608.504912615 463.381063223 700.808693528 457.293017864 717.809788346 528.711180687 721.961860418 591.454064846 655.993904591 436.966675103 655.455384731 379.89881853  
/home/tianli/face_detection/results_one_person/original/google_beach_person/224.jpg 376.733760595 390.349128723 465.016229153 355.870584413 725.399572611 226.494021058 726.101351261 229.979170799 459.885281704 364.465076774 377.610656023 391.449614048 565.013694048 370.223482132 588.678061604 301.34191668 693.848221779 180.113436081 576.152794838 182.681171656 582.518693447 307.482102931 563.503530055 371.497812152 631.24037838 156.201590672 620.823644578 95.2552022934  
/home/tianli/face_detection/results_one_person/original/google_beach_person/728.jpg 257.130240679 303.450804949 228.3009139 274.63083005 241.672305107 243.89407742 242.195951819 247.322872162 222.333096266 275.9605828 224.687535048 324.924253583 234.077319264 212.676234603 259.512404144 213.173518538 241.944586277 177.1639328 229.890395045 185.135959148 258.559038401 215.759623528 223.236173868 212.848531485 232.266487598 177.572536945 208.765183449 143.435037136  
/home/tianli/face_detection/results_one_person/original/google_beach_person/292.jpg 171.114663064 377.410748482 250.666162491 368.396011114 308.116745204 322.380865455 343.563899279 341.627554297 365.700947404 407.001183033 293.122981787 444.568544269 443.454966366 216.187088966 410.232559681 240.405209541 385.339275837 271.966780186 431.536553383 294.310318947 445.963047385 339.008733034 463.260093212 386.311258316 418.202082872 271.304312468 443.187925398 224.311877489  
/home/tianli/face_detection/results_one_person/original/google_beach_person/733.jpg 271.141541243 377.510856867 273.807654619 322.060603261 273.970738411 252.134957224 248.430001974 254.875841618 231.043332815 331.294772446 231.587173223 403.277145326 237.070679307 127.428079367 271.177543163 148.13796182 297.33043623 157.876503706 235.208094001 157.984821677 195.292452097 162.932174087 216.794353008 135.210138798 269.494226456 143.522269964 272.519478559 91.7000997066  
/home/tianli/face_detection/results_one_person/original/google_beach_person/582.jpg 251.620989412 478.28501606 399.586862564 429.615172029 499.374573469 459.242992818 469.88138175 468.011171104 339.853560269 412.595724702 251.942198224 482.792570591 382.778289318 363.093426287 419.724147171 365.790761948 418.844812632 311.410148621 398.886972666 332.820370793 406.581680298 417.312590122 361.636015654 396.779570341 397.601103067 309.048594236 358.425902605 254.227176189  
/home/tianli/face_detection/results_one_person/original/google_beach_person/195.jpg 588.584962547 404.793604612 551.156934023 371.046856523 523.847398132 310.420676708 547.324678898 309.244633317 524.113637842 375.408843756 527.49289608 439.995731831 497.942425966 269.302881479 496.46112442 278.35799408 506.763639569 238.774541378 556.664810896 238.126761198 582.580717087 261.905520201 565.084979177 272.547482967 530.815229774 233.296836138 530.570453286 181.632453084  
/home/tianli/face_detection/results_one_person/original/google_beach_person/888.jpg 670.243673086 470.520751238 696.735236406 385.950799942 784.688915968 306.65621233 753.489575148 309.47468853 697.434545994 382.661639452 796.398037106 439.582471132 737.969544888 289.268081188 769.46822834 251.410017133 769.626458406 193.485093117 737.270587683 201.171033859 735.97445488 264.677015781 732.08911939 306.257093072 734.577794313 185.379516602 763.693648249 122.501523495  
/home/tianli/face_detection/results_one_person/original/google_beach_person/185.jpg 102.365880251 125.710919738 84.5691148043 168.433202267 140.770414174 157.595923781 145.008422852 157.57158196 92.8387117386 164.090466499 111.134640694 126.290854692 178.871936083 172.063931353 167.514522552 168.394955397 164.608768761 154.590616465 209.244694471 165.149356842 235.603030264 181.180779934 226.603746891 184.73149395 186.967382431 159.045015097 191.822622299 114.358028173  
/home/tianli/face_detection/results_one_person/original/google_beach_person/970.jpg 481.067525387 513.611808062 490.721756577 460.070424393 493.076011419 402.745104909 469.140235305 402.267447233 475.676919401 453.974367261 475.121598721 502.511190653 498.852671504 322.705225945 516.088643357 365.374424458 505.009598017 336.642168045 465.857836723 333.221230626 443.261205554 313.050189018 467.650877059 292.806218088 483.149800658 329.876692057 485.024509907 277.879642487  
/home/tianli/face_detection/results_one_person/original/google_beach_person/605.jpg 287.880449295 620.621823132 323.645989835 474.744452596 307.802334741 344.94783783 368.395528555 306.475374222 288.470003605 477.179301381 324.612782121 593.766988039 248.236232758 328.86976862 244.80029732 252.63157773 282.199885249 163.661022335 293.177079797 161.390847921 244.163919449 254.295271873 246.906129122 329.538534403 305.68341732 132.578408957 323.581709534 68.1002147123  
/home/tianli/face_detection/results_one_person/original/google_beach_person/571.jpg 233.475090504 330.433655262 228.375710756 286.469187737 229.974098802 223.073840857 265.156220198 222.592675209 264.00040102 290.506578088 266.975812793 323.832189471 210.1444242 233.061642885 211.132549107 194.883517504 217.176306725 151.256094456 272.240582943 146.434484363 281.719416857 185.993383884 282.622870684 225.250463486 244.818390131 145.857811689 239.022475243 99.8306294382  
/home/tianli/face_detection/results_one_person/original/google_beach_person/992.jpg 165.50668335 331.229160309 200.335107327 217.437718868 325.057098389 336.837461472 285.241543293 334.145571709 199.839916706 217.481144905 165.477713585 331.643834472 457.374804974 348.312088162 402.320814013 248.741538286 360.801919699 138.447631836 242.662146568 141.293228269 251.190373003 253.25656867 262.272670746 361.182905674 301.444886684 117.789834738 291.981894704 69.3091368675  
/home/tianli/face_detection/results_one_person/original/google_beach_person/695.jpg 544.952141523 483.563681364 533.640384793 426.164907813 526.163039446 354.093939543 498.482201815 354.084192157 486.095490456 424.82131958 476.361604601 479.194839001 587.072189867 230.364749908 563.22711271 257.980477333 533.426895022 281.741843224 484.529755712 283.362692714 455.051737785 263.167458057 585.05803299 232.367994785 508.435210854 290.57867074 507.25187403 239.308331251  
/home/tianli/face_detection/results_one_person/original/google_beach_person/1010.jpg 132.136040911 401.864152908 135.489108086 337.136989117 142.177671671 266.600502729 174.661812067 266.363331914 174.243662834 335.292775154 177.086105347 397.569872975 126.631082058 260.342903882 110.151193857 226.749758363 123.596235216 182.44220686 181.89448154 183.831433773 195.113256812 224.090884686 187.716429353 259.284362972 153.622702837 171.079164028 157.05132091 117.077222228  
/home/tianli/face_detection/results_one_person/original/google_beach_person/441.jpg 219.931906506 306.484317541 218.455277443 267.50067997 218.01296556 225.01820755 242.085033178 224.448712349 234.196802139 267.367760181 232.180154324 300.315933734 204.559028983 227.830146119 205.852555633 203.090296626 210.099240184 174.016952753 248.392155647 177.276230335 251.319123447 202.604444861 251.105136752 224.377716303 228.902818918 174.090492249 231.408656359 122.284425735  
/home/tianli/face_detection/results_one_person/original/google_beach_person/495.jpg 464.994225979 1053.34069777 470.551281452 923.468012273 481.181405067 745.771339655 427.754097775 738.709277034 429.574129581 921.260812283 467.242224991 1051.66683319 241.083040237 541.555315137 606.220448017 563.005317986 507.333484352 594.263496995 407.87210536 593.445504189 322.219101548 560.669674873 695.162340879 548.477460474 464.151034355 566.056467533 478.872507334 500.17477484  
/home/tianli/face_detection/results_one_person/original/google_beach_person/3.jpg 147.400011182 200.634865046 148.334685713 171.799888432 149.854534149 150.384473562 145.930659533 152.553422689 145.181943655 176.110288143 148.871540368 201.411664724 136.055082798 101.69743669 163.209814489 123.097095549 144.881283283 102.147023678 141.256805778 95.4615228176 162.800314665 124.777449667 129.411531925 101.748657703 139.746164054 98.9262089729 131.306927145 77.2008084059  
/home/tianli/face_detection/results_one_person/original/google_beach_person/946.jpg 315.036345065 356.624439001 320.286167622 309.097586393 320.106950283 261.183365464 341.943559885 257.8527596 349.582549572 310.018463373 349.460341215 358.135539055 305.012432337 216.547888994 295.74393034 235.198636234 309.469819784 197.395277143 341.834561944 193.819154978 369.326228142 180.92757225 355.056268096 165.447018981 326.043787718 196.439459264 345.899435997 148.257622957  
/home/tianli/face_detection/results_one_person/original/google_beach_person/144.jpg 736.341282129 883.990403417 708.828336179 794.517013311 704.363549709 674.535800457 763.015864491 678.344425201 725.032380342 796.33514303 713.858860493 929.376422882 653.2396878 675.841716215 673.929028749 596.284144968 697.362864494 510.999351978 788.814782083 530.11843431 815.132765055 528.272171736 785.519443274 474.424357772 747.391642034 492.563027978 729.838673115 426.254809618  
/home/tianli/face_detection/results_one_person/original/google_beach_person/814.jpg 181.267543912 235.15103662 183.509372473 169.000784397 182.75137043 164.661108673 183.177460909 162.284204721 183.591828346 167.045600653 183.11925602 235.116524637 180.652312279 133.035493016 186.299859643 157.161379218 182.855954409 157.995840788 182.625226498 157.710417747 180.70007354 157.290702462 184.232877254 149.290765285 179.897623196 148.069914795 170.751572132 110.566674471  
/home/tianli/face_detection/results_one_person/original/google_beach_person/360.jpg 538.525472999 833.482201815 543.052558899 754.347022414 547.073759139 671.069705486 507.966894682 671.922042131 509.120352149 753.394404888 512.569533825 817.639063358 591.928334713 658.820454597 577.370933056 618.456762791 554.401159763 568.77192831 489.227559566 567.217846632 479.973620176 619.509960175 473.027991056 666.058968663 523.665846884 557.992480278 530.980663896 504.439647198  
/home/tianli/face_detection/results_one_person/original/google_beach_person/315.jpg 389.629747152 945.19305563 347.083206534 810.143487573 480.96046567 340.067127772 471.909460545 341.289561629 438.982457399 821.404420495 441.280400276 953.938457012 385.547516108 248.617446423 261.510117531 497.287051916 319.868215561 348.349411309 427.859059945 315.268831789 476.882442474 346.120399594 512.768682003 624.085253716 370.136069298 318.25757432 321.56603837 210.942064762  
/home/tianli/face_detection/results_one_person/original/google_beach_person/318.jpg 290.494415641 37.7692118883 306.473804832 96.1645545959 305.14020443 107.468541443 303.899105549 107.505666018 307.417859852 94.5579409599 290.302729249 42.9585510492 332.687359512 220.545882761 328.453128815 188.821606636 309.77285409 151.924469233 303.244743347 155.821044058 275.309532464 186.864648581 274.446905136 211.36680609 306.652427673 150.697011232 323.999527812 183.191958666  
/home/tianli/face_detection/results_one_person/original/google_beach_person/608.jpg 346.956352592 623.146981716 336.890730858 533.889597058 325.051042199 444.040410634 382.203404188 444.307917267 381.522264481 556.633372605 391.729069233 675.638031036 273.308137417 471.370646 280.332112312 402.268064976 287.726472855 305.001055717 397.657966495 292.931044519 428.916604578 398.6670506 431.242414236 462.801970005 341.925836325 272.568775177 336.42679882 206.387936115  
/home/tianli/face_detection/results_one_person/original/google_beach_person/628.jpg 333.22330296 411.637193292 334.88710475 376.164985895 333.651308417 337.65723443 367.404841423 334.588015079 379.758635923 354.818981886 361.942191362 408.18464756 268.349694967 396.966713905 288.613622427 344.539207697 299.942882914 292.790031374 365.216457009 266.183795571 391.826892853 300.978773534 379.336993217 330.89207375 331.380086482 287.759984016 316.809532106 235.946121156  
/home/tianli/face_detection/results_one_person/original/google_beach_person/849.jpg 47.4364829063 278.356993914 85.2939070463 243.321403384 118.734739542 204.903841496 142.255618095 205.193250775 152.70958972 259.334348917 159.019748926 308.611967742 98.8147469759 157.664022088 92.3422535658 138.397693753 115.274494171 137.072136641 159.242314577 154.758095264 173.133351207 178.537703395 156.464476287 161.020581722 135.609824181 145.779160976 154.128218532 103.281888723  
/home/tianli/face_detection/results_one_person/original/google_beach_person/707.jpg 76.6928642392 122.702838063 75.2801762223 101.228255272 91.7637495697 140.117640771 82.8002940416 141.040342569 71.7864661217 142.798326731 76.3178436458 122.789307475 61.2401140928 105.7380445 63.6139404774 105.16906023 72.2096877098 142.1282866 72.2996749878 107.387237489 72.1657440662 143.528309584 73.7447035313 139.488794029 90.2227277756 140.129099503 86.5195331573 108.966101229  
/home/tianli/face_detection/results_one_person/original/google_beach_person/143.jpg 731.330897987 410.806730032 702.632496357 357.63525784 699.883620873 261.114523053 704.238476753 261.532457352 671.560698748 359.895311356 730.257895947 409.746020317 670.422626972 272.937862873 704.552175522 219.718239754 713.465337992 164.841372311 714.852085829 164.362217963 724.616167128 217.789464712 731.348467827 294.035205364 707.256875813 153.199004889 674.628845811 109.26258862  
/home/tianli/face_detection/results_one_person/original/google_beach_person/489.jpg 334.998447895 275.548493415 302.473258495 193.638817787 214.12279129 134.318284035 243.053775251 139.45377624 302.124686718 193.38215065 336.154621601 274.77889955 222.127344131 101.6413517 204.48877579 112.171377182 230.748771191 50.9512504339 271.622968197 78.925763607 315.380887032 122.42676425 361.271061897 129.231775284 260.63422215 56.1940407753 272.235491753 3.91166560352  
/home/tianli/face_detection/results_one_person/original/google_beach_person/88.jpg 714.135064602 675.542778999 698.62297976 588.595505297 678.254872084 485.591686845 639.800801992 489.904637337 614.200644255 587.588684529 583.935583591 659.53601265 806.871628046 374.865185022 749.495996952 383.856021881 693.001651049 386.390673876 630.602279186 391.003607035 577.155548096 391.39171195 517.415568352 390.65254426 662.918049335 380.010812368 661.533779144 328.171049595  
/home/tianli/face_detection/results_one_person/original/google_beach_person/305.jpg 260.4616687 307.077077508 257.122716665 264.888685226 255.713186741 200.091048956 285.563679814 200.15274477 277.83961165 265.56797266 269.875372887 302.24902606 229.559580564 214.011600733 235.729253441 169.349910975 245.811167121 125.997388124 294.561209917 124.882029653 297.474562645 168.189361811 307.408665061 209.193045378 271.070889235 117.717592239 267.563331395 71.2269134521  
/home/tianli/face_detection/results_one_person/original/google_beach_person/579.jpg 146.72574687 355.59204182 147.868668348 296.721409798 147.190509856 248.150784731 178.675097227 245.559675694 167.163672209 293.403163552 156.085509151 359.2395854 63.4725916386 249.328894138 94.8884544373 213.981778264 113.861087084 178.331182599 162.548830032 175.721685171 197.654738188 197.065849662 198.775183916 234.540427566 136.029556274 166.364355564 133.272573352 115.490362704  
/home/tianli/face_detection/results_one_person/original/google_beach_person/428.jpg 768.919065714 641.27068305 526.008589983 599.389291286 566.109331846 426.471861482 611.561791658 428.15924713 525.356679082 596.65716356 769.092903376 639.496369123 468.651021004 199.653717995 474.061510324 271.616572142 598.169174194 298.042208433 598.034676075 298.121268272 473.683762312 271.608854771 469.068412423 199.863214254 554.987819076 276.193481147 606.330393314 187.855998531  
/home/tianli/face_detection/results_one_person/original/google_beach_person/281.jpg 358.675860167 896.191602707 342.758316755 753.87861371 338.902035236 570.70851028 436.674654663 563.149976373 418.477352262 747.828130662 402.638542771 930.160678864 697.055356741 130.096324205 696.228701591 97.1964652538 320.054862022 329.991172552 456.580504417 343.978028059 457.862134933 404.321675032 443.562917829 425.108609676 388.500028372 306.28506887 385.651429176 247.015357971  
/home/tianli/face_detection/results_one_person/original/google_beach_person/121.jpg 380.044197842 316.818350315 410.724281788 243.224897087 440.244402885 167.290917158 477.412697554 166.354545593 457.329599619 245.638896823 471.916463614 313.419364452 338.034173369 162.650574446 368.629187346 131.642601699 399.383286715 86.5482366085 449.795645237 70.3699922562 415.509575844 116.930606484 358.940260172 138.188551784 420.015588533 68.4170629382 399.23148036 14.6602401733  
/home/tianli/face_detection/results_one_person/original/google_beach_person/199.jpg 139.968740813 348.071096517 143.409597635 282.369758248 120.275901318 227.55526799 162.876810789 236.797073424 162.376178622 296.876435041 148.502822518 346.406272292 95.7032470703 132.619200468 108.07833115 139.172445536 146.853074312 135.281461 192.794429779 158.931717873 184.173543453 198.041651249 215.421774387 219.966809474 181.122614741 137.433140039 223.403550386 91.6757201552  
/home/tianli/face_detection/results_one_person/original/google_beach_person/248.jpg 603.91426003 545.842981339 585.589027166 419.164430022 557.448757052 284.442821056 617.252714872 285.616265178 607.540741682 414.05011034 570.898135304 535.530158043 521.408330917 291.120367348 519.311268806 206.022817373 527.163719654 117.16712594 636.999765694 113.809364319 690.95554781 118.115651131 645.472624183 52.3824110031 587.252938986 88.4454011917 600.567638874 25.8865363598  
/home/tianli/face_detection/results_one_person/original/google_beach_person/969.jpg 572.681771696 528.060331106 582.619335175 434.385049939 604.439788669 333.09695971 647.922479153 341.365318179 641.794157505 447.79208827 638.683279276 522.746153593 568.440222502 360.296161175 588.668063045 274.348371625 597.898473501 223.377799749 691.23302573 229.105215669 711.127566576 299.204203844 712.164783239 366.808893919 643.500474006 198.744553089 642.133347988 132.513204098  
/home/tianli/face_detection/results_one_person/original/google_beach_person/221.jpg 541.327605128 288.443599701 485.429144621 318.42485714 450.221005797 253.069150925 468.687233686 238.58241272 490.316109896 323.370872974 546.976316452 290.550559759 478.27940011 126.050792694 474.005099297 157.945158243 444.417345226 186.719043255 443.670912027 180.903671563 473.241389751 157.408364654 479.762883186 125.249038696 444.417173684 174.378303051 443.671755552 128.308996201  
/home/tianli/face_detection/results_one_person/original/google_beach_person/972.jpg 208.786493063 548.000195512 242.754796267 450.907516718 253.041323304 370.384927511 269.799280882 369.781980515 274.839236975 448.430156231 256.555054665 552.785847425 296.288597584 292.9338938 252.062950447 312.839445591 239.819114208 233.279431581 249.579355717 229.430720925 260.391446531 293.044534922 291.017728448 287.487424135 253.134354472 214.283076525 277.032032013 158.915866852  
/home/tianli/face_detection/results_one_person/original/google_beach_person/654.jpg 198.978966951 649.496903181 233.839546204 608.379935503 236.456521302 562.304926395 221.183897734 557.841373086 231.40580678 605.22479701 199.564743042 649.095357895 262.156193256 568.110599995 254.112019777 540.59669745 246.274513245 504.385226488 221.573022246 500.780804813 217.332072496 532.069710918 219.900191367 554.8415519 235.643168986 498.117083907 241.565691471 465.212001085  
/home/tianli/face_detection/results_one_person/original/google_beach_person/669.jpg 673.65315485 545.287858725 682.176944256 462.803947449 688.448636293 365.153699398 645.85157299 368.09855175 629.315621853 460.522454143 621.613423586 542.384832859 751.769967556 287.108273506 728.65312314 311.931912899 703.540985346 256.264079571 618.536775112 252.791049838 592.700241089 311.94940567 602.023409724 369.020476341 660.000179945 234.115097404 656.242928028 177.184305429  
/home/tianli/face_detection/results_one_person/original/google_beach_person/46.jpg 275.538559318 366.212513208 282.788434982 301.060479999 288.70635891 234.424999595 332.109506294 237.469758153 332.321341395 300.773496628 332.208383873 363.889239676 252.755791247 232.485887051 254.502599955 189.65471828 274.840394139 147.963715706 343.515048504 144.840340376 362.157437086 187.716225982 366.460608721 227.200163245 306.326703072 134.300313711 297.92903614 85.4050927162  
/home/tianli/face_detection/results_one_person/original/google_beach_person/496.jpg 398.863118649 333.967224121 424.651558161 291.60359329 452.512456894 234.4238801 482.252675891 236.216162264 514.888046861 288.077335119 550.85126996 331.595212609 380.522813916 184.641593218 417.325999737 176.142704964 452.926442087 163.194898486 499.028211832 168.158381939 532.8113814 172.340755522 569.032406092 176.392214775 476.800019085 165.49301374 483.061147511 116.954537928  
/home/tianli/face_detection/results_one_person/original/google_beach_person/488.jpg 238.184337378 720.023817062 276.47207588 549.241955996 274.677738547 418.470971584 314.578931808 419.923358686 354.601906896 520.916741133 238.497330189 719.457368612 170.24838686 392.172734022 203.294853806 308.968045413 242.40422678 229.644863248 344.776358843 248.212391615 398.203548193 303.711517811 389.997222424 242.83397615 314.728351831 217.109720469 351.281533003 161.285370827  
/home/tianli/face_detection/results_one_person/original/google_beach_person/554.jpg 429.838778853 475.783287629 452.689655423 342.760549307 410.080704689 230.162819624 389.458227634 230.478736401 399.866117001 343.269596577 396.315443784 460.647403538 463.596817732 205.893390179 421.448234677 144.231727362 397.820694327 82.7839237452 369.381088257 90.9421924353 378.392388582 163.315459907 405.175681353 211.665705293 385.615112305 77.9134398699 385.562734842 18.3192411661  
/home/tianli/face_detection/results_one_person/original/google_beach_person/741.jpg 251.687062562 387.492864132 235.788150519 328.684900999 217.732131004 259.611434907 253.277539492 254.773066282 239.033736229 327.391592979 251.801268488 392.710699797 184.772864342 87.5174281597 177.870135307 133.052606583 204.608647704 173.937107563 250.434660316 171.4293589 284.06152289 132.800710022 240.426441193 122.42143333 225.602661371 168.873315334 217.914776087 117.477275968  
/home/tianli/face_detection/results_one_person/original/google_beach_person/436.jpg 600.983888149 512.677674294 563.77347739 465.874080181 546.524286389 390.652754784 574.711100101 389.929639935 562.805650353 466.092108727 567.346311331 543.799616098 518.042852879 232.398972988 528.332193851 273.990783453 550.830873489 304.397221088 588.376455128 318.397696495 574.744150877 339.121188521 544.458282471 306.957185864 569.738025427 308.791416764 586.220035315 264.843312979  
/home/tianli/face_detection/results_one_person/original/google_beach_person/732.jpg 1014.81904554 1441.10328841 1005.46742511 1381.78835106 1005.52617419 1321.29361153 1032.71279621 1321.56714749 1029.55264938 1387.45363748 1016.95609903 1440.97865558 1000.25080585 1299.56880799 993.930550575 1273.5461185 1012.10444409 1236.3338486 1058.62589705 1246.66668558 1058.96091664 1293.31651878 1053.28143787 1325.14317703 1034.52566171 1231.59835052 1040.41828537 1185.99075389  
/home/tianli/face_detection/results_one_person/original/google_beach_person/91.jpg 210.708893776 499.452857196 212.826974511 449.585520029 212.48540473 401.244822979 190.402657747 398.686018229 173.369205236 445.498970032 164.072268367 491.847719431 248.591379166 410.719756722 238.231336117 373.8135674 227.617511481 344.199291706 186.625944138 338.573575735 171.94092017 370.140933514 157.429557085 395.476388693 209.050933838 341.471661806 214.166425228 306.828772902  
/home/tianli/face_detection/results_one_person/original/google_beach_person/598.jpg 378.394662261 641.241957664 391.301725864 555.488698006 400.169988155 461.11072731 345.91805625 465.038319349 339.398477435 559.779477835 320.886917114 641.701912165 454.966644526 463.475336313 435.632616669 391.360486507 424.356303215 310.230501652 326.761251926 302.206029415 309.100556493 379.2972368 340.684354126 365.052753448 378.587890506 274.064406633 378.22830379 208.276283503  
/home/tianli/face_detection/results_one_person/original/google_beach_person/603.jpg 402.730026841 485.514858246 512.683887005 453.735422015 635.362329304 409.249762297 652.212392613 472.917477131 514.805327296 452.674213111 404.668145895 484.074362755 108.114306815 190.562053919 121.594925642 201.707067966 137.946953773 147.535518408 753.597689629 387.239999473 754.459821343 472.868808746 723.544419497 479.774555683 714.181511521 367.389249563 725.807167172 301.660411358  
/home/tianli/face_detection/results_one_person/original/google_beach_person/634.jpg 236.404793382 344.879273653 234.704348683 305.057028294 233.473304987 261.717021585 252.312901318 260.693092704 249.538241148 306.908347726 252.420999795 332.287192285 244.007963181 209.334213734 220.992371976 237.650136113 225.970918655 207.052768469 263.113120556 201.330811501 243.798957765 235.100652695 279.484401464 234.650818825 253.558219671 231.837544441 537.142917156 116.472231597  
/home/tianli/face_detection/results_one_person/original/google_beach_person/271.jpg 843.470712066 730.617307544 852.185437784 654.754924297 860.339504153 571.850715801 815.249787331 568.653650522 800.695764303 636.698199391 791.246556282 706.460617781 897.546341896 556.891149998 900.491563261 512.459079027 894.756675243 451.724077076 815.857738018 449.571820974 802.846549749 513.718796015 789.47758007 562.384978294 854.500959396 428.292342782 851.116356075 367.461000443  
/home/tianli/face_detection/results_one_person/original/google_beach_person/1063.jpg 169.933363438 408.804554939 170.660927415 337.549062252 167.498475075 263.540617943 199.448577881 265.633895159 198.281392336 338.258488059 195.907529503 409.822531223 139.169175863 193.08685708 159.845392704 228.703627944 163.899985276 177.658915758 219.892600194 185.028722525 219.865845799 237.270035386 219.919991992 283.456523597 192.075062275 167.281273365 192.282632828 112.681214094  
/home/tianli/face_detection/results_one_person/original/google_beach_person/82.jpg 105.198843718 571.385196388 147.976995267 441.282438278 185.97161603 352.808294535 189.194774985 341.586478591 245.935454488 450.485020995 278.11837101 555.464576066 189.023289204 282.424973965 224.211762905 188.573417723 234.359838724 109.406889558 212.656622171 146.353720307 171.534835666 236.429140747 189.043394446 283.888166316 205.299962282 109.175547361 163.34058857 51.861379683  
/home/tianli/face_detection/results_one_person/original/google_beach_person/971.jpg 138.937718868 370.276990533 142.732334852 300.725293219 147.376997292 224.674773693 117.564655781 224.693163157 119.814903259 299.177550495 121.651588917 365.433228493 227.235402107 69.7757655382 218.682177901 107.077864468 193.719848394 141.565119982 149.664598703 127.890466213 176.939083338 87.2818534374 204.479717225 61.3375672102 173.64358902 138.654369354 205.924228787 104.109247208  
/home/tianli/face_detection/results_one_person/original/google_beach_person/150.jpg 495.807337284 795.71590659 459.038651824 644.529213309 473.774671078 452.586431026 548.207311302 458.451586843 521.162681341 657.684499502 511.274732113 850.655169129 389.804564357 476.421136767 118.507974386 308.171627581 451.828581005 202.156535983 452.077158839 201.708605051 544.287627697 348.604725003 579.565253764 457.529800653 504.921757221 179.543920815 508.414415181 122.017509222  
/home/tianli/face_detection/results_one_person/original/google_beach_person/101.jpg 215.876137972 436.349172562 197.296287894 368.794552326 210.599563003 309.016534805 184.968702555 308.668222129 186.462692261 371.891804844 195.746427655 443.652863055 206.656935692 293.609752774 225.797515154 277.431433916 215.135512829 233.637602091 177.560822487 234.598178148 167.07166028 279.085146904 145.157376289 315.71489054 193.101238251 223.848139048 176.674364805 180.248124078  
/home/tianli/face_detection/results_one_person/original/google_beach_person/17.jpg 200.890928507 198.606260061 207.756690025 167.097188473 185.774344921 111.342156887 213.399721861 108.156530976 225.824992418 172.163020894 205.667271495 199.313806057 202.379363298 192.909075737 212.899556696 147.425581932 214.251668215 101.952623367 258.780712128 102.869796753 257.999609232 141.917000413 243.288190842 169.942973614 238.905593157 104.349675417 245.69687295 67.3807557821  
/home/tianli/face_detection/results_one_person/original/google_beach_person/217.jpg 243.136829257 745.544047832 248.754102707 593.702890396 254.672878742 443.134083152 322.700306296 441.893966675 340.303074509 591.073806524 363.041397452 749.347669601 220.516047597 471.67265439 231.460822105 378.836490512 236.32207197 289.958230972 338.594961524 279.691142797 347.666186988 211.863776997 345.357719183 232.102692604 289.460314989 248.354267836 288.347158432 184.933565855  
/home/tianli/face_detection/results_one_person/original/google_beach_person/995.jpg 323.422736526 697.532822609 390.654203176 733.315698981 339.648968667 586.480939031 408.265434504 587.205000877 428.192668587 733.094632268 324.5797984 693.367411137 244.34733066 548.128871471 292.8190521 486.876993418 327.677577972 409.501346827 440.83540988 408.812625885 448.39277029 495.848018169 518.216984749 525.06522131 381.980125666 379.967499066 377.19064784 315.815779209  
/home/tianli/face_detection/results_one_person/original/google_beach_person/162.jpg 1096.95739841 685.302823901 985.001291275 626.243990541 1020.32189891 548.95536691 1010.47649062 555.157583952 1028.14564086 639.1149652 1098.00180757 683.594416678 1042.26665747 525.764703512 1060.54605675 490.541109562 1020.02184508 454.336289883 986.759730577 458.817834139 985.811217546 509.028460622 960.874873161 500.592278481 1001.15414977 448.500739813 991.660441875 394.268921494  
/home/tianli/face_detection/results_one_person/original/google_beach_person/129.jpg 424.893062115 513.160144329 423.124111891 457.570288181 431.580044985 396.811337769 407.930978298 397.964207172 405.38769269 468.124078251 412.59391433 518.985975742 454.976192713 399.078174114 447.652290106 365.300127745 435.453982234 327.461457729 388.765092134 331.682060272 385.009276628 377.653663874 379.921702564 414.41110611 408.122772932 318.036787033 393.520190477 269.907627225  
/home/tianli/face_detection/results_one_person/original/google_beach_person/115.jpg 457.588373423 982.741048098 375.30132556 864.783083677 388.83376646 714.348296165 443.23473233 724.622139573 450.17784512 860.202495798 376.116065979 998.67925477 406.479906559 716.759648442 385.39410615 629.927094221 348.169592649 543.760788202 428.131297305 551.88669157 469.344274759 635.529561609 516.401398897 702.953051805 381.978296041 515.704802692 366.628998041 450.267984152  
/home/tianli/face_detection/results_one_person/original/google_beach_person/697.jpg 225.500045061 641.741729498 252.508335352 510.898733854 258.506007075 389.287855387 210.751689792 388.960756421 211.347091317 513.737698078 243.710481972 630.554842472 338.291380167 358.811161995 278.669391632 336.017747402 270.69170785 263.521966696 187.375914395 263.930657864 186.563959002 343.05432272 185.113849401 404.950044513 236.054737736 238.152557611 251.229642212 177.247395277  
/home/tianli/face_detection/results_one_person/original/google_beach_person/563.jpg 229.267353892 363.545084864 228.141223609 310.525832176 251.616889089 234.21681428 257.635023117 235.446190655 252.299079359 308.265227824 250.319102407 363.038028121 217.20128274 251.116904497 274.311731577 193.793618441 278.920192242 143.824401855 233.494376183 147.28804934 226.168583512 202.152873635 214.565680265 252.411126375 254.513349295 131.825542986 244.67355442 78.3857226372  
/home/tianli/face_detection/results_one_person/original/google_beach_person/709.jpg 227.608772367 454.455542088 208.477986813 389.481909037 195.647375643 317.029702306 221.920572162 313.573850393 215.249003172 389.494115472 226.870723844 455.544827938 139.662674904 252.815885961 162.517746568 277.407363296 181.170613527 240.083373547 235.430885196 239.036574602 267.951407813 270.130220413 281.852220774 235.662693679 206.61981988 227.12525481 200.91834569 174.49485755  
/home/tianli/face_detection/results_one_person/original/google_beach_person/685.jpg 722.260290742 428.533395529 635.4779194 425.763938904 644.095644847 309.704699993 688.883582115 309.400360584 658.156968236 427.915243044 749.44787991 449.060060501 828.792058289 123.642478138 776.408596516 168.333882332 658.101072192 197.847410798 726.720816612 204.446727514 774.469379187 169.284514427 827.756595299 124.117591903 693.298802137 192.213468552 704.648528576 134.849532843  
/home/tianli/face_detection/results_one_person/original/google_beach_person/639.jpg 85.9606080055 472.926739454 133.438031912 367.163417101 108.209439948 252.956801414 171.616387278 253.015690327 216.752957821 316.899372876 214.836824656 394.888052344 134.04252243 196.154841229 98.5206407309 165.178324342 102.11498785 110.425671339 179.983837398 112.223154068 179.677741647 191.639396191 198.92243433 255.320961952 152.198705196 100.077247396 185.407667875 41.3640568256  
/home/tianli/face_detection/results_one_person/original/google_beach_person/993.jpg 593.927121639 471.651857376 594.580306888 372.901568353 588.899120212 262.289268494 539.318252444 262.589978456 535.332633495 370.81239748 537.198549032 477.633264661 635.007225454 280.333693027 625.546645403 214.101771593 615.339123726 129.116793633 520.183826208 135.251744032 502.231496572 223.205096245 486.676245451 279.542570591 567.947576523 101.592688799 567.816539764 39.1444787979  
/home/tianli/face_detection/results_one_person/original/google_beach_person/215.jpg 321.105440378 562.895923138 340.641482055 448.965180874 341.933020592 332.721207023 296.666840553 333.5289855 336.572948933 452.248309791 336.855880022 564.610445201 436.039673377 107.692627043 390.786646605 152.224187613 348.783015549 208.108445883 278.931471586 212.516014397 245.406154394 148.199374869 212.526220977 100.658626616 312.939165592 190.736680984 316.692013025 129.271308661  
/home/tianli/face_detection/results_one_person/original/google_beach_person/1059.jpg 1040.43113613 1017.99154735 1051.22140545 925.958853006 1059.02778906 772.404419392 1116.74835718 777.804780006 1128.50540423 949.115089178 1183.37434626 1113.6933167 1009.24729395 810.145733833 1008.42698407 706.3076092 1007.98436356 603.414968371 1145.25691652 584.30782485 1178.47765028 690.870957971 1180.27681628 775.40212059 1074.069502 541.88480103 1065.47792888 480.926688433  
/home/tianli/face_detection/results_one_person/original/google_beach_person/900.jpg 113.492343187 165.082831502 113.293573856 154.61498785 110.559972763 147.150634766 109.857636571 131.792342275 101.036485314 147.588714868 112.434614658 167.706746101 115.330421865 95.6647572517 99.8253000528 145.502853394 115.481017649 124.89691335 115.345838547 110.555931091 115.648963511 132.495598733 116.223096371 100.46493423 116.016305022 116.191819802 118.197037935 86.7312846184  
/home/tianli/face_detection/results_one_person/original/google_beach_person/250.jpg 161.952000856 390.10324955 163.497988641 295.856826305 170.120517612 201.874739408 123.726341873 201.755759716 123.84624584 302.952353001 131.365424335 382.675831318 156.958845079 148.197037801 179.536184222 148.165255904 183.440456867 96.7955985069 103.957112789 91.060959816 98.7608656883 150.44406724 130.099132299 139.447180033 143.721879482 75.3473120928 145.568180799 18.1882510185  
/home/tianli/face_detection/results_one_person/original/google_beach_person/973.jpg 108.903964937 452.610696375 102.181717634 388.172752365 97.3585264683 318.034986496 128.416765213 318.38446331 120.588177681 389.022543192 110.549015999 450.832404256 80.8318650723 322.022997141 75.528929323 276.438256413 89.202685833 230.449353456 151.212300539 238.799914598 150.875522852 286.602937937 144.107142448 317.649717212 123.914751783 220.327455223 135.21270752 166.948244095  
/home/tianli/face_detection/results_one_person/original/google_beach_person/805.jpg 551.115065575 751.371653795 518.521626949 640.10852766 502.878795862 430.333126545 556.426783174 478.680082798 534.277368784 641.168913603 549.440971017 754.923111439 419.908899494 328.725687742 458.034044504 361.209915161 474.09820962 289.676138163 524.332943052 256.130997658 488.05239296 368.209536314 411.750882402 323.376479089 482.063511372 255.43987298 436.398864925 207.971849442  
/home/tianli/face_detection/results_one_person/original/google_beach_person/322.jpg 472.040034294 416.693198681 463.603437424 338.40283668 454.12865901 260.221996665 495.273317099 264.389169693 482.521919131 339.98574268 471.686634779 416.334283352 461.119780302 264.299894571 439.598760366 219.521590143 445.964838624 166.525040865 514.902910829 168.257019043 520.502475023 226.005296707 489.944620848 265.198114634 479.70402956 150.904560089 478.9867208 92.7889431119  
/home/tianli/face_detection/results_one_person/original/google_beach_person/113.jpg 55.1551177502 282.465381384 45.3143490553 226.509553552 50.0576889515 182.301140308 75.5247271061 184.217179537 72.7580099106 229.38470006 73.7694618702 262.85724473 62.2764730453 113.589849472 34.0111819506 150.21590066 42.1363596916 112.854817629 92.2747350633 108.29589662 105.118270397 136.99142313 101.936133027 154.132366419 64.9429552555 101.602441192 58.3385498524 56.9981837273  
/home/tianli/face_detection/results_one_person/original/google_beach_person/445.jpg 100.673859596 319.55524826 284.525240898 461.510950685 276.958403587 387.573924839 314.804316759 388.787677586 303.788977385 468.708964884 99.9028320312 321.7317698 186.879747868 214.099976778 221.498629332 252.194391146 270.059920073 274.376232982 330.502523899 277.607982635 331.933376037 222.929958582 308.286515236 178.151480913 299.588459402 271.118381739 293.098764539 218.713205218  
/home/tianli/face_detection/results_one_person/original/google_beach_person/747.jpg 323.72567606 842.912638903 449.330898762 636.296392649 433.030720711 434.891853333 325.892011881 459.986741785 222.645542145 277.650439739 323.475038528 842.31864357 460.582505524 186.793205023 560.446320057 283.663725168 477.047411442 186.496736884 318.768383026 187.334750414 310.219091892 179.493556023 359.813144922 118.775556803 391.326742887 172.364697427 388.458762974 129.15087986  
/home/tianli/face_detection/results_one_person/original/google_beach_person/372.jpg 280.647630692 441.701452255 276.564356923 386.557455063 277.409652472 334.820618391 301.588086009 337.241413593 296.384127617 381.349349141 294.966403246 422.775945663 229.184287906 351.309747696 242.791287661 321.880357981 260.541730404 290.769903541 305.916609526 287.344278574 314.484123468 320.931934357 310.427143574 354.725893259 283.063608527 285.084178448 279.276120186 238.315485001  
/home/tianli/face_detection/results_one_person/original/google_beach_person/461.jpg 123.561985314 198.95703125 309.563017249 233.282196522 385.250963926 248.10083437 338.820880651 256.653895617 315.599044442 223.197568178 125.250376582 197.996486902 278.65374136 260.474560767 366.6596632 193.501105785 381.059871197 129.621730328 345.704958916 133.121873379 317.332540154 203.611055881 278.045884609 263.120775223 350.52171731 114.546275496 333.798490047 55.4126272202  
/home/tianli/face_detection/results_one_person/original/google_beach_person/650.jpg 162.060890198 295.026380062 163.16173923 259.276891828 167.3920331 219.266078532 184.901477337 219.440539539 184.312563419 259.794928387 189.239244938 297.142087936 172.127775714 211.331447124 173.77679491 186.830516934 174.318815231 163.961935651 204.741413891 164.266995013 208.901663303 189.048267484 210.463451624 219.855337024 187.300175428 158.668999672 181.128865242 110.394130707  
/home/tianli/face_detection/results_one_person/original/google_beach_person/456.jpg 210.550121069 542.490594387 207.5249753 454.626329899 200.050765753 360.690489531 246.468764782 360.861644745 251.232953966 457.571552038 264.230180025 541.453803778 165.236084104 328.365097046 132.646354079 279.599654198 172.884163201 239.64948225 258.6366328 232.728880167 294.529963493 283.224446774 284.044924326 337.086146116 211.124968767 207.64836216 205.597570539 139.627325207  
/home/tianli/face_detection/results_one_person/original/google_beach_person/74.jpg 123.085238159 327.165497303 166.871044636 281.253489733 156.158869416 226.187939405 145.617585182 225.997918129 148.67609936 273.287946224 146.442364097 323.525455356 177.985976458 234.474903345 171.815379411 201.634827375 165.579181552 166.066856861 143.259248257 164.997663915 134.750276089 188.183757752 130.183888912 218.573609829 153.478971481 164.147785366 160.087550163 116.680853724  
/home/tianli/face_detection/results_one_person/original/google_beach_person/446.jpg 478.678716183 400.341488838 458.326090932 331.702976495 485.561988831 265.926306486 522.521415114 268.165625647 486.583765268 332.706512809 514.259994626 395.673819304 472.04082346 259.072155893 470.542680264 218.653364062 458.61667645 173.890995383 517.126372814 174.515913248 539.862542287 216.294574976 508.550839186 258.496053696 484.066364035 166.718117952 443.309789956 119.487068415  
/home/tianli/face_detection/results_one_person/original/google_beach_person/1013.jpg 572.398678005 739.512181759 609.757112503 637.924195886 650.915574789 493.619812489 604.212081134 508.88112247 529.426126719 611.437237322 618.038336396 763.507988662 564.559836268 474.542932153 560.832668781 391.135251999 567.346066952 278.23010993 516.38361612 284.776733458 560.023560047 392.683042765 578.200499535 426.861436009 545.307939529 279.580967188 539.336147964 258.54288125  
/home/tianli/face_detection/results_one_person/original/google_beach_person/440.jpg 197.04218173 333.303167582 225.577551365 273.854473829 234.691167116 205.471574903 203.915557362 204.582798541 225.413792372 268.535874486 196.474573135 336.03555131 285.835648298 156.839542806 271.199579 162.791070461 251.58273375 123.524761319 197.621025324 112.665585756 153.237236977 124.843317509 115.472605467 97.2547659874 226.522034049 118.082932711 238.434524536 69.3666144609  
/home/tianli/face_detection/results_one_person/original/google_beach_person/481.jpg 537.322714567 784.764662266 542.003396988 690.908334732 502.059952497 523.09270823 575.393715858 555.879432611 703.616591454 420.00968162 585.597813606 780.805753231 587.0034585 614.676925659 649.473301888 517.999598861 664.951882124 303.055344582 600.089048147 305.468916893 651.161997855 517.227039695 602.963600397 606.914510489 633.065065622 302.940312624 638.972305059 276.698161602  
/home/tianli/face_detection/results_one_person/original/google_beach_person/823.jpg 242.555781841 396.20384863 194.69417429 299.787676752 258.113319874 365.277822256 201.817636967 356.65131253 185.785413265 306.600461721 229.575218201 392.38985157 302.921236992 377.386595964 288.220398903 303.890161991 280.234423637 215.308662415 180.958378613 218.861630678 174.244222879 306.995790958 163.25124383 374.780571461 231.112176657 181.693416595 230.75397563 120.527797937  
/home/tianli/face_detection/results_one_person/original/google_beach_person/1003.jpg 314.014557242 347.881759264 321.350052834 292.469155014 328.115161896 236.927503467 354.420572877 238.187229395 351.028724432 297.029111385 349.229784131 349.165461659 284.969627321 170.801034808 310.734864712 174.208757639 329.0135355 171.044018209 359.792971134 172.369435221 382.439278603 173.480807304 408.707906485 168.113408327 341.045117378 182.502081156 333.666738629 140.290173471  
/home/tianli/face_detection/results_one_person/original/google_beach_person/234.jpg 315.511778057 275.634355068 307.566906691 234.746968865 307.100630105 218.61335361 302.482411861 194.432145357 310.194208145 235.592549741 318.397025347 275.458626091 322.190449238 204.687975645 300.88830924 186.927278876 299.353901982 169.779129505 317.307307363 169.55972743 322.080319166 181.065600514 320.950014114 204.617595553 306.537858486 163.93302539 306.3257339 139.27423054  
/home/tianli/face_detection/results_one_person/original/google_beach_person/718.jpg 299.681856722 300.209632322 303.408936739 296.034734726 355.431993604 230.541958332 385.755090714 233.596568346 360.184885502 271.175803185 362.831723332 330.906405449 319.708558083 246.883566618 331.248013794 206.042325258 339.719039887 163.327055216 393.840472221 164.943034053 402.520928144 201.538062811 412.456898212 235.607766569 368.41899085 160.990994215 376.065996647 112.136349201  
/home/tianli/face_detection/results_one_person/original/google_beach_person/1000.jpg 270.632749796 291.730282247 290.762845755 251.066117704 270.667491913 196.229840115 287.01709795 190.566955328 290.529139161 244.407414138 252.854891717 243.759807691 249.99287343 195.017370701 249.758809328 160.428048611 271.874341488 131.255741477 290.124925852 133.756897449 288.692034006 163.033276618 312.738221645 180.561269701 283.292609394 128.71517086 302.620510578 91.4858869314  
/home/tianli/face_detection/results_one_person/original/google_beach_person/415.jpg 324.24307391 314.816315651 330.852127194 266.329566479 349.241606116 219.503836155 359.710861206 220.1760308 355.726337254 268.297532052 354.349651456 317.971090198 330.130967617 181.620837092 349.676027775 186.713992715 347.838164166 162.302258968 369.643582344 158.358296633 364.204364002 191.118720293 338.539928555 216.581511736 354.301590443 158.783385992 332.25571999 120.138712883  
/home/tianli/face_detection/results_one_person/original/google_beach_person/757.jpg 528.637040377 380.345392942 513.736546516 328.523319483 497.420070887 278.356565475 484.533481002 281.638508797 464.940133095 340.251209199 442.85303688 398.430845261 473.494446278 240.419280291 493.958682299 228.318947434 483.121331871 202.417931676 489.324568272 202.837620497 513.7869277 232.230082512 471.99632144 232.839129686 487.062933922 198.082921267 486.51742959 149.432771564  
