/home/tianli/face_detection/results_one_person/original/all_background/136.jpg 800.419085503 652.868617594 466.7896384 591.8014431 778.403396845 461.641066432 865.860121727 447.408022642 947.040151238 439.026340961 804.401159585 650.979014874 816.57531023 418.511146188 750.825998306 421.40150702 759.069710255 312.794883966 892.270708293 322.655715704 903.3121562 398.846149683 862.867841721 408.896850109 842.994510531 290.121168137 854.133348942 218.114465356 
/home/tianli/face_detection/results_one_person/original/all_background/14.jpg 709.205286026 533.976177573 675.737036437 452.765294313 694.558114529 325.277727008 765.462355018 326.730231762 755.396178722 452.217187241 774.253894091 562.050911188 675.558815867 258.835226297 667.29601264 239.499425173 694.141789913 168.220626831 782.725473642 169.435026407 804.951990664 143.56219697 730.625325918 214.039994001 730.529827833 148.025844201 718.936868668 86.5822856426 
/home/tianli/face_detection/results_one_person/original/all_background/540.jpg 647.995203972 850.567116618 552.07723403 290.655330777 740.700480103 494.277698755 707.364487946 299.799690664 699.972579341 633.549896955 648.683860779 849.414180279 708.312933832 164.270349324 790.897767782 141.905227661 700.064627901 219.69937849 689.504152775 217.003139019 788.683653235 140.209510103 466.885081768 239.287501097 752.540585041 206.216011286 805.018971443 140.151555955 
/home/tianli/face_detection/results_one_person/original/all_background/518.jpg 513.133584261 693.418749452 456.070169449 545.062721729 489.02990818 467.331118703 542.023036242 476.591892242 512.561790466 586.643458009 510.872946978 695.347624302 508.487341821 495.269049644 473.037578821 248.250053406 493.48420167 316.185367942 571.840522304 342.06598115 554.798049212 420.978502989 512.773572922 493.159986138 547.734256893 310.985682249 577.167310953 252.065936178 
/home/tianli/face_detection/results_one_person/original/all_background/856.jpg 268.225500301 562.605218291 257.905843019 466.631829381 254.749564886 397.933776498 286.128386736 397.280350804 276.86465621 470.613887072 281.448946953 556.362238854 225.89906311 319.953573227 235.728687227 347.229703546 261.654201627 315.636259764 313.452426672 313.165774345 305.968551397 371.006641686 286.712514877 398.956376553 284.524084449 298.841582417 276.119556338 250.178170919 
/home/tianli/face_detection/results_one_person/original/all_background/284.jpg 344.118506908 845.402902246 348.38339141 742.344887972 331.041209698 621.024111152 404.443271428 612.512560725 388.284401029 750.331024647 349.075726748 954.142964005 257.591320992 588.383240759 277.967747211 485.08925736 305.932895184 371.508292466 432.087337971 380.457668394 441.444800615 493.611453652 456.188210964 593.129734278 373.915406466 340.775041759 375.09245944 280.484893799 
/home/tianli/face_detection/results_one_person/original/all_background/36.jpg 116.111388549 294.601344109 756.272027344 503.656587124 818.550794244 405.662892342 814.533891201 411.116340995 770.223234177 506.146400094 772.694086969 586.460192561 760.812323332 403.415430307 808.882908344 355.133222818 840.415126324 261.357360363 835.542007565 268.842052877 804.077996142 370.914049387 768.697248459 438.069938183 808.193887234 239.100979567 805.463109016 173.900578618 
/home/tianli/face_detection/results_one_person/original/all_background/90.jpg 566.432388067 706.519984722 547.48321867 466.052136064 614.750596046 459.52385518 684.80861032 460.206484988 549.416473389 469.049430847 719.351823568 644.675434828 490.157635331 188.700396001 502.895228624 202.730604053 563.767827928 260.245281771 701.443318248 274.438914776 789.950309157 246.644991875 824.828894138 122.492377758 616.129224777 236.634818137 614.838395834 185.256237745 
/home/tianli/face_detection/results_one_person/original/all_background/18.jpg 187.952499963 810.029571533 220.030011876 673.489303112 289.234920502 515.403130054 443.720379144 476.972855508 351.276535988 700.258205712 340.910791397 811.352477789 252.517174721 331.849120855 240.495166779 384.961926222 284.55610764 346.99044168 377.22097683 338.490173578 369.078862667 441.826554298 360.752604246 492.677796364 325.976384997 314.766427159 318.929597139 252.429457873 
/home/tianli/face_detection/results_one_person/original/all_background/868.jpg 182.872585773 617.134333849 172.621882617 506.788434982 178.775384784 323.068739831 222.392524719 324.916473806 234.363215446 467.87905971 231.674125671 581.132318258 337.463421822 272.788609505 245.623902798 272.922020197 170.311912298 178.315877795 245.974608302 144.762859344 332.474550128 136.493554115 340.321066856 268.979153872 200.500928402 139.895969354 176.361268282 86.3462667465 
/home/tianli/face_detection/results_one_person/original/all_background/50.jpg 379.444352627 461.306388021 375.79678297 394.527368665 386.841443777 318.875991106 358.619110584 318.161394358 360.085526943 396.13554734 363.005286098 465.949023485 488.309073448 261.99916029 445.08827579 255.76388073 406.151015043 234.889837742 355.362379551 233.160816431 318.824589252 217.344386339 348.538703561 195.275152981 378.535395622 234.424467087 380.310519755 186.644618034 
/home/tianli/face_detection/results_one_person/original/all_background/103.jpg 854.485768318 709.54906857 940.755607069 579.627444446 940.339747876 445.751209855 892.063826844 451.910558172 939.647999108 577.764671326 955.751929924 702.722460747 991.134352207 180.540113389 1022.67459464 243.171652794 944.890529871 271.505908012 856.29543376 290.176459551 786.732534289 343.790932655 992.747789383 180.175644398 894.260049582 257.254532337 880.309128046 196.899217844 
/home/tianli/face_detection/results_one_person/original/all_background/396.jpg 329.967840433 1068.73534161 260.713123322 285.557052851 211.058380008 769.353673935 505.665418386 319.861399174 355.711367726 715.920260526 350.509507656 1061.49141586 544.462758064 235.250338197 383.913886547 207.544764042 410.521522999 140.427244961 410.138238549 137.784802437 381.429145455 207.323737144 369.979202986 262.166477203 425.902354002 138.052796483 385.60046196 173.059334636 
/home/tianli/face_detection/results_one_person/original/all_background/406.jpg 612.618661821 555.729016811 660.770167053 453.473204732 704.652222633 326.84560132 761.268672705 325.036405087 820.393104911 442.430057883 880.829180241 531.153297305 566.451320887 124.28685534 617.53417635 162.362596869 672.199696541 194.110091209 776.765553713 192.688643456 837.390639067 188.765359938 902.11157918 168.495497704 724.677181959 181.587843418 722.36385262 122.773852944 
/home/tianli/face_detection/results_one_person/original/all_background/397.jpg 356.345713049 1100.16311751 353.993108988 1001.93062115 330.460108638 508.931868255 409.688888311 715.18572557 387.090108752 1001.99860477 390.147856712 1092.10782841 296.520477057 487.045208931 315.41759181 455.423551321 359.303716183 373.990786791 434.749221325 377.183029652 477.20010221 400.388254642 481.92228055 458.522140145 399.399112701 351.287898779 374.426000118 299.508327186 
/home/tianli/face_detection/results_one_person/original/all_background/61.jpg 425.878374577 978.168744802 396.798873663 800.289083958 373.010863423 652.583941579 462.827539682 652.102977879 445.204342008 812.59442389 417.450293303 1002.38709068 260.941876411 642.622140884 267.258231521 549.934008718 306.496658683 448.60400486 415.126461267 466.106422782 470.046824455 435.468216717 459.269681394 433.237353802 371.828608036 442.033338904 468.548969209 419.838630587 
/home/tianli/face_detection/results_one_person/original/all_background/165.jpg 170.761723757 582.085552692 157.743347168 429.486986876 245.255582213 387.285459518 330.497509718 387.280644238 314.094600439 432.817058802 310.939649582 617.792240858 209.656497478 401.400194168 183.703540564 353.780255556 196.419253945 254.812586546 332.538020611 211.047598541 387.295462966 301.248858452 354.630212069 386.170678377 271.867016315 203.532731026 234.928660989 128.046124935 
/home/tianli/face_detection/results_one_person/original/all_background/130.jpg 698.601302028 192.064979553 644.763798833 272.886200428 546.213769078 363.118607759 510.754555702 364.557190061 437.068281889 260.880827188 374.472732782 163.830352709 577.010830164 602.940804482 583.487910986 552.74451828 662.567557573 323.155036628 660.365280658 326.047888279 1036.48247811 194.62954855 479.62955904 619.227023125 635.500085771 299.53747955 644.460077107 282.562851906 
/home/tianli/face_detection/results_one_person/original/all_background/533.jpg 616.644822598 669.418731809 623.584021807 532.420651793 651.406031728 332.151856333 540.540524364 324.871194005 576.938261271 539.498103321 611.27507329 678.617744923 691.28878212 259.186710179 695.266558647 260.974761784 667.878564529 116.464618504 519.256181717 115.133172631 493.189579844 180.596149862 491.098006785 221.634713054 616.95959878 98.0677604675 628.699521482 45.8825776577 
/home/tianli/face_detection/results_one_person/original/all_background/482.jpg 596.059378106 730.437298536 578.377713561 598.490919113 581.344365239 468.282325417 675.74004361 464.369126797 604.150732502 597.269358039 622.467215538 716.197245538 643.906758308 221.786082864 578.020605922 229.642352939 600.190092087 311.345045805 682.764733195 306.284686804 691.193581164 214.211578846 645.775572896 224.055739403 646.124706984 291.062304556 657.732649088 226.101321459 
/home/tianli/face_detection/results_one_person/original/all_background/42.jpg 283.450145721 637.122121096 371.833672836 644.241558388 387.231152594 536.789748669 420.164608166 532.344400883 474.276629567 560.964217663 438.408288479 631.599489689 362.347216487 402.820332766 330.699726462 429.211444259 378.288199544 429.567267656 439.619693279 424.640259027 466.526737452 423.803329945 495.518541813 421.864647985 412.208717048 420.44421196 413.196417928 370.004358172 
/home/tianli/face_detection/results_one_person/original/all_background/837.jpg 499.007880986 501.331778407 382.714185715 417.548531532 489.771042824 324.329840481 550.288472176 328.876708031 383.546416998 417.410165787 629.346724033 473.773365259 381.110156298 176.234646082 407.191440105 250.936549783 471.843209267 198.739599943 578.773386121 199.198511124 629.575918794 264.449854374 678.739441395 194.328010082 527.800372124 172.972751915 530.683163404 111.480833054 
/home/tianli/face_detection/results_one_person/original/all_background/339.jpg 463.603084326 996.449967474 325.556900024 838.083617687 324.160321772 637.114061475 539.618301719 243.337733626 322.599581957 839.170621395 464.993030071 997.794793367 296.178883314 656.32948494 294.851809978 576.529100657 310.104620457 492.350053996 429.453794122 474.676037312 459.331269741 582.767539024 423.965144396 641.288424253 366.592987299 449.20894742 358.933348179 377.040572405 
/home/tianli/face_detection/results_one_person/original/all_background/839.jpg 482.607699156 421.343613386 489.272208691 356.996404111 512.667470217 304.848525047 538.303050637 298.162913203 553.660821199 351.032981396 557.103087068 418.130714893 481.299882174 283.087639987 467.702511638 258.779151797 500.998864591 233.46670866 538.306515098 240.183466434 578.00846684 235.926629409 554.274270654 214.459214687 520.313641787 234.709979653 532.984328032 195.329781055 
/home/tianli/face_detection/results_one_person/original/all_background/1.jpg 120.236734867 453.706941724 473.33890295 496.711364269 539.927273117 562.002341032 580.698525608 557.470087051 621.818117261 503.323309183 579.458666027 571.769225851 517.019591451 370.397451758 431.194865704 374.16614151 467.527060002 379.122504711 522.396728992 373.207381606 561.05223465 366.808528662 537.122000694 368.727690935 494.236049891 369.551218987 499.214618742 307.495922446 
/home/tianli/face_detection/results_one_person/original/all_background/838.jpg 801.36591506 122.457261801 404.615350246 1012.89129341 412.115811363 906.74838841 469.128258348 909.993235469 470.721615076 1018.44955575 398.274086237 1174.83284092 416.969466209 911.083177567 375.747853994 846.935495853 389.632717013 765.158655524 486.106043816 769.702584743 499.43500942 855.532777309 448.200191736 910.626636744 440.239023209 751.603638649 440.89994669 683.766745254 
/home/tianli/face_detection/results_one_person/original/all_background/48.jpg 393.735276699 545.891081572 582.668012619 455.641689301 381.360619068 476.344144762 428.454334378 438.45718503 583.360430002 459.42321825 717.034042358 491.138329864 433.558394194 467.718715936 332.452571869 428.405732006 329.835323811 314.756616235 415.052582741 311.495913506 447.285740852 418.33683908 486.07149601 451.740174323 368.361247778 280.076981068 354.759059072 209.535176277 
/home/tianli/face_detection/results_one_person/original/all_background/850.jpg 158.436127663 581.067369223 166.000639439 469.497531056 180.84560138 358.278299093 229.324390769 366.548739195 249.77589345 481.672745705 281.742890835 562.843206763 161.64197278 357.56671536 171.236633062 313.685693026 185.723202944 255.709366798 266.370742202 240.966094494 302.377896309 186.540822625 323.698744655 118.390029907 225.568443298 231.07527113 225.757725477 168.894085407 
/home/tianli/face_detection/results_one_person/original/all_background/5.jpg 733.236446857 572.502286732 702.286291599 472.40154171 715.852759778 390.152768135 666.65214622 387.937404737 659.841225833 483.812526897 676.107888371 575.381887674 612.823526263 320.962012768 774.657301903 263.445579767 761.427628994 204.462478817 700.45951274 226.381489515 670.429408073 310.71765089 621.234874725 325.916198969 714.0698843 190.11648035 716.799682081 123.177730441 
/home/tianli/face_detection/results_one_person/original/all_background/547.jpg 283.835793808 972.309580624 260.441311985 857.431199074 259.14606601 692.952432692 331.83090882 620.249306962 378.851997614 819.713813722 303.755853891 890.27872479 172.183602333 657.853811026 155.914143443 567.321388721 222.69631052 486.155343533 338.753373861 468.807896554 345.952931643 554.419092417 395.632641792 616.724011421 294.180845499 455.002538443 303.236273527 390.173837423 
/home/tianli/face_detection/results_one_person/original/all_background/350.jpg 513.133584261 693.418749452 456.070169449 545.062721729 489.02990818 467.331118703 542.023036242 476.591892242 512.561790466 586.643458009 510.872946978 695.347624302 508.487341821 495.269049644 473.037578821 248.250053406 493.48420167 316.185367942 571.840522304 342.06598115 554.798049212 420.978502989 512.773572922 493.159986138 547.734256893 310.985682249 577.167310953 252.065936178 
/home/tianli/face_detection/results_one_person/original/all_background/30.jpg 81.9158880711 317.475364208 89.0356347561 251.963827375 93.3747526407 201.689309359 86.7534320354 195.571924657 87.7414097786 250.337249398 93.4921811819 315.814633161 117.330081344 138.554825544 113.668628693 164.815493882 99.1105754375 126.136047363 75.8396780193 124.872817636 80.3060202599 158.96435833 117.343851209 208.236774445 88.0135016441 119.551827669 94.4285991192 81.2422201633 
/home/tianli/face_detection/results_one_person/original/all_background/12.jpg 389.437114477 716.027751634 351.772680283 635.158232749 365.995346546 544.803490639 417.583452463 544.721184015 405.220325828 651.601376206 418.861330867 756.981210947 296.662424088 482.006403089 343.669033051 486.813906193 351.310926437 435.530833393 423.761836529 424.229879856 455.255916595 487.550820351 469.865423799 446.066580772 382.978007793 410.904667974 372.175774127 354.976675391 
/home/tianli/face_detection/results_one_person/original/all_background/863.jpg 307.908535913 826.84051919 376.013376713 727.593011379 388.918620765 613.292585492 453.491344571 613.616718769 433.501720667 729.704163313 424.90004611 817.811956167 358.486737728 588.601232052 353.473755121 533.23531127 371.022051454 453.354911208 465.354328632 453.420482278 482.283643246 533.045314431 488.68887043 642.37042284 418.024216652 433.203035593 416.715119123 368.191370964 
/home/tianli/face_detection/results_one_person/original/all_background/104.jpg 213.574274421 1050.2230984 322.191595674 917.257016897 202.119679689 836.913821816 350.137839794 777.095456123 324.859552562 923.700742841 329.988328218 1054.50038433 67.485540092 188.491089463 66.3670902252 234.623157859 90.1278778315 205.065332174 149.331621408 236.728516877 76.9005565047 154.315994501 702.696223974 156.060919579 130.741093993 237.954264164 403.709555537 261.88899219 
/home/tianli/face_detection/results_one_person/original/all_background/228.jpg 475.480357111 884.675360322 574.946061611 790.423850536 421.219125867 346.06791389 453.126363039 332.366097629 578.52374804 791.208794594 514.564281702 934.856802464 527.134320498 164.959664047 678.942851543 404.15291214 452.467260361 178.080804944 515.620524853 179.235803843 669.210378766 405.459219933 595.137602448 310.889925957 484.557303727 166.845123768 491.518511683 108.752688468 
/home/tianli/face_detection/results_one_person/original/all_background/878.jpg 103.625071526 242.417892575 98.0863282681 195.764378503 83.8755616769 147.064889789 107.523011476 144.18312645 108.696432948 194.673556566 128.594568491 225.14861846 42.4931256771 69.2606813908 64.0806174278 73.7284755707 82.9718198776 75.5179421604 109.972318172 80.7836296558 133.323315501 97.5465908051 125.027051568 127.207829714 94.7157764435 81.7576255798 86.696554184 49.1343376637 
/home/tianli/face_detection/results_one_person/original/all_background/148.jpg 266.405528069 788.575178981 267.502773553 723.013859093 267.832720444 648.518784523 248.254537821 648.786845922 251.199738383 724.791746557 257.962020159 788.252446711 276.869707704 612.496843129 300.416645706 604.805585027 287.239818573 559.319548845 221.601235628 564.55330056 223.45377779 618.526783586 221.195901632 646.924866676 253.577275515 545.123151302 250.165105462 494.705030203 
/home/tianli/face_detection/results_one_person/original/all_background/26.jpg 860.078416079 544.772294044 854.579852343 430.27418685 875.645635217 286.223617554 845.012864828 307.541653335 855.032793999 435.524257928 860.945135653 561.305085182 801.924379826 303.273976326 836.929486752 231.519357204 828.381813109 136.217811108 836.488530844 145.54618454 863.203729868 230.999552488 833.27338171 314.423408508 820.906635582 118.932732105 789.234103322 62.2730944157 
/home/tianli/face_detection/results_one_person/original/all_background/905.jpg 242.213037372 964.623779058 134.220652819 698.104982376 181.452423453 674.487583756 289.922347546 706.025297403 176.804731369 749.914499283 241.46291256 965.015040398 135.020335674 680.321150064 289.525853157 392.812451363 289.362584114 387.907664403 178.752021551 501.065193772 289.583475113 390.144166231 206.628883362 690.027150035 214.405034065 477.296907663 192.927112579 351.528119326 
/home/tianli/face_detection/results_one_person/original/all_background/862.jpg 425.746048689 256.408724785 427.17066896 244.318837821 441.174055815 189.867612362 412.110203467 187.513027012 413.597695231 246.090679884 426.680103779 299.11654079 443.843401656 150.485038996 460.783211291 159.702177525 449.300269842 123.799645409 445.800303698 123.92139104 397.375825405 157.697666407 401.995105505 124.614454865 423.82537365 117.677796364 419.883192696 78.2335300446 
/home/tianli/face_detection/results_one_person/original/all_background/894.jpg 522.956252933 290.106702447 397.136476278 231.094074965 458.5474087 228.234510675 475.110705853 233.714976311 398.063120127 238.718733549 415.173152924 330.514943838 344.136365414 45.764924407 380.446004272 86.2603871822 420.24685353 114.143666506 470.279494524 142.253076315 487.420707226 209.259892702 432.427524328 226.039358377 442.335859776 121.822332859 427.729913652 66.8884367943 
/home/tianli/face_detection/results_one_person/original/all_background/116.jpg 326.435595036 588.33908996 331.901639082 492.683396399 341.730478168 408.955852985 379.054082572 413.050294399 387.426701725 490.72416079 403.538951308 561.196610212 287.441199064 419.599571675 314.664735317 379.701227993 336.746668577 336.627296448 395.854168206 343.497343779 397.279664993 386.616133809 402.741753817 428.277931005 368.431114674 323.699271888 372.750200331 272.821805239 
/home/tianli/face_detection/results_one_person/original/all_background/395.jpg 589.265058875 641.923792601 604.820204079 533.268647432 611.124403417 424.87536931 559.583468199 426.802264571 571.919344746 527.19252491 587.062993646 639.487298012 661.143254161 433.567463398 649.103490353 371.089896798 639.667243242 288.963293791 542.741181612 291.04118216 532.433778673 375.905506611 519.11500597 441.815953255 588.187021047 257.40442276 586.111236811 196.914385796 
/home/tianli/face_detection/results_one_person/original/all_background/254.jpg 609.236987114 582.724009275 609.94276619 486.546366215 604.511999667 363.499547839 571.831245601 364.197451591 584.44127655 487.588243961 592.075060368 580.408713758 575.004336834 118.017940044 564.42381382 181.455001473 571.397353172 252.980442405 572.431407571 253.410398722 564.314508259 179.908268847 575.24976635 116.606901646 594.004292488 238.775377274 591.880431652 177.884180307 
/home/tianli/face_detection/results_one_person/original/all_background/87.jpg 598.260642529 529.811793327 498.016602755 485.265342474 578.753469467 440.482953072 641.904390097 437.226428747 619.084364653 445.009700656 613.764376163 531.191827238 436.027609413 322.494591236 487.473037243 335.198227406 528.493355513 310.917023897 620.223822907 296.092241287 676.386876255 287.782689095 764.392659932 240.22688961 562.862891674 285.531924009 555.196192443 222.168430328 
/home/tianli/face_detection/results_one_person/original/all_background/170.jpg 529.242123604 482.442584872 548.529369175 395.742853761 525.260516167 316.184485063 559.393806934 314.29637599 549.962658286 394.472354412 530.950544715 477.358807087 516.342567056 306.720757484 503.192837477 272.156484365 510.644621611 213.731886387 576.711765528 208.641488314 613.220597267 232.275762796 658.622503519 236.05687445 543.681883812 193.624547482 546.77987504 131.967141483 
/home/tianli/face_detection/results_one_person/original/all_background/44.jpg 626.3396101 563.240964115 645.455290437 518.896311522 658.81032598 451.651629746 620.269365728 453.553078294 574.847756624 468.42433238 626.034368634 564.227371901 671.082177877 426.19671905 664.824948311 412.798877299 663.872766018 374.624496937 609.124517679 376.773219585 600.617281437 416.774456739 565.689763188 434.649763227 635.68472597 364.48336032 632.902908087 313.486203194 
/home/tianli/face_detection/results_one_person/original/all_background/205.jpg 576.691141844 676.396535605 587.659357578 549.478645802 603.820763513 403.033097744 667.748191953 403.289814055 696.186481476 548.132041484 711.02620554 652.400144935 568.705609322 361.33942461 545.508950472 309.369457245 567.124162197 224.952591658 699.709035605 222.247277737 726.061519384 312.376631737 688.278621197 349.032871127 634.375130653 186.973300457 634.32068491 123.92885071 
/home/tianli/face_detection/results_one_person/original/all_background/812.jpg 114.814784408 337.00810647 736.058741331 441.542543173 737.608426809 358.074724674 782.710042953 351.996780157 810.017338634 436.437707663 823.5906353 491.888597384 739.534380198 314.596535563 689.947197437 307.342157364 712.067771673 253.850734234 789.84690094 255.739344835 804.418935746 309.794165969 802.742902637 317.151535869 758.770450115 232.478103638 766.660595655 174.838240385 
/home/tianli/face_detection/results_one_person/original/all_background/348.jpg 784.823801041 724.088008456 800.579604387 583.936708927 864.581892252 460.06563326 805.31664145 446.008186579 851.696571827 577.245527029 848.430896282 712.849601984 977.599671602 323.846897364 912.492615938 345.087591648 880.233224392 257.587905169 765.140044808 248.420050144 733.414577246 343.1942451 729.80822897 288.753124237 820.064369373 235.314509869 702.856466532 293.967235208 
/home/tianli/face_detection/results_one_person/original/all_background/385.jpg 584.965187073 675.33598876 558.43283534 562.191661954 565.88438344 469.027365208 609.1695292 469.361720562 612.934730113 554.598449349 595.159038901 676.318702638 559.160624266 483.147828698 554.054927945 433.710905313 553.18536377 367.384735107 627.302270651 363.196036398 622.585644007 428.743660808 619.074199498 476.376083672 589.753592849 344.950577021 590.375793934 290.8433038 
/home/tianli/face_detection/results_one_person/original/all_background/37.jpg 348.160021469 529.725273609 333.62151885 469.294139743 341.403530598 411.214158654 364.371734083 411.225470006 364.978007793 476.614314854 361.717097759 530.524873137 361.012475014 377.184622288 331.866864115 388.397920609 336.579203367 346.606600404 385.188647509 357.249047637 372.78134501 392.362166405 357.725248933 391.487038612 362.13924706 347.036735237 382.210323572 307.500368804 
/home/tianli/face_detection/results_one_person/original/all_background/344.jpg 798.71514082 729.280462742 806.456486225 610.725481153 811.34403336 453.879300833 860.415472209 467.519308805 865.102777481 606.254566193 880.724514008 729.182279587 826.605779886 450.090682507 770.434076905 427.557675451 786.815750957 344.745730639 885.0491364 338.527230501 903.168002129 408.692535639 885.049727082 447.884501934 844.492335677 300.942585588 842.713813424 239.094356537 
/home/tianli/face_detection/results_one_person/original/all_background/393.jpg 419.147322237 1096.80899453 422.096109867 857.084522247 372.396756709 708.199248463 427.328826606 702.554043055 397.411382675 866.796448827 390.21257472 1045.46934927 172.023528486 558.84266448 266.740751147 592.406481981 345.661915302 555.486689568 434.010834575 556.11844027 494.084369183 617.842995644 558.350180387 586.994050026 386.165807247 523.646116495 376.437048912 460.679530263 
/home/tianli/face_detection/results_one_person/original/all_background/448.jpg 387.816218376 697.032406092 394.74930799 639.948265314 405.828898549 565.088020325 375.568680286 563.690298378 382.594176292 639.055536509 387.083369911 697.859151363 428.380494386 587.088494182 420.713693917 538.828799486 418.051817894 495.239582777 363.312609136 492.114465848 355.735839099 539.282162488 347.356656075 574.8620224 391.69396162 489.31751442 395.5426929 436.337498009 
/home/tianli/face_detection/results_one_person/original/all_background/913.jpg 572.371520102 460.752094686 449.803415537 371.395382106 313.410113811 427.620204806 260.873224258 420.718321085 449.37097764 371.69785437 573.402959108 459.917039558 131.035289824 133.827512622 140.770688355 477.68396616 147.270627499 362.702682495 145.049428463 368.48827672 146.019401193 469.82862258 91.0454591513 97.3219063282 147.401338995 329.809494019 362.477502346 105.611124516 
/home/tianli/face_detection/results_one_person/original/all_background/11.jpg 449.282719374 608.359463215 449.427564144 504.815106153 453.357870579 394.653662682 503.069344997 393.067911148 557.075948 467.071460128 587.936527431 559.421279669 416.324756145 365.750367641 387.954880964 303.209252834 446.376392841 241.817586422 518.6675179 251.440469563 527.28875947 303.117844582 515.764923915 358.594111919 486.893745422 215.416987658 490.290224791 156.615611792 
/home/tianli/face_detection/results_one_person/original/all_background/172.jpg 325.734517932 835.985775685 330.604516387 738.303302169 340.620707512 636.976274788 285.742344975 642.642656922 296.281419516 763.244061351 313.091369629 835.480300069 340.733145237 590.044061184 382.673362732 586.305651784 363.736562639 515.043665946 275.014821112 505.393698215 241.562996626 577.94415617 270.135837317 613.581338882 319.655679703 489.042478085 321.763418913 428.066291265 
/home/tianli/face_detection/results_one_person/original/all_background/869.jpg 162.756621599 446.2287395 99.1875184774 328.115171909 158.891501427 241.968213797 183.01486969 237.259128809 170.654435754 348.812784135 163.669145465 456.457190514 154.226873636 241.707568645 162.618499398 182.04179883 152.21169138 113.335009098 196.856913865 123.154300928 220.596400857 183.318142176 232.145070314 236.58164084 168.881696939 91.9642076567 167.115825415 32.6384048462 
/home/tianli/face_detection/results_one_person/original/all_background/909.jpg 365.283588886 549.766767263 372.111520067 507.14979881 388.950354517 436.554201663 374.841986418 435.538558006 359.972770214 507.024863422 355.016263723 555.699321747 323.680187613 241.181052685 338.691163182 255.857025623 358.718499422 308.063352928 396.459270388 288.37741375 424.234959364 236.113568008 375.629704475 200.121347904 379.859324813 282.025767088 349.391204596 231.371965885 
/home/tianli/face_detection/results_one_person/original/all_background/60.jpg 387.816218376 697.032406092 394.74930799 639.948265314 405.828898549 565.088020325 375.568680286 563.690298378 382.594176292 639.055536509 387.083369911 697.859151363 428.380494386 587.088494182 420.713693917 538.828799486 418.051817894 495.239582777 363.312609136 492.114465848 355.735839099 539.282162488 347.356656075 574.8620224 391.69396162 489.31751442 395.5426929 436.337498009 
/home/tianli/face_detection/results_one_person/original/all_background/6.jpg 536.225148201 533.557270169 531.054367483 421.27755332 482.926429868 305.432532549 545.329000473 246.320978403 670.411011696 292.684655488 535.190423965 533.732205868 516.926396728 78.1072707176 464.795470476 92.5494428873 472.912816763 163.93348588 547.008259177 166.83895731 552.981757164 151.254403591 545.692677498 112.230845928 506.115204811 144.666033745 501.924720049 92.7877215147 
/home/tianli/face_detection/results_one_person/original/all_background/376.jpg 391.945141077 595.329878926 618.119693518 486.430167675 542.377896786 381.11701107 533.777753711 382.057314634 465.925257444 492.352312207 505.124585152 527.019936562 550.887032509 237.690783143 568.908430576 260.976361871 584.677004099 254.050253153 610.269950271 267.50021264 575.737441063 266.767411947 551.129039764 236.21727778 601.256582499 237.045768142 594.057985783 175.674183846 
/home/tianli/face_detection/results_one_person/original/all_background/351.jpg 393.735176563 671.282585859 394.338403344 564.693936825 390.781131029 460.938807905 340.920968413 463.008381605 332.15978615 565.067731619 320.488364697 677.026953459 433.467888832 481.399719238 433.768936157 420.812278271 408.677198887 325.459649205 320.164633751 327.517577648 291.77061002 419.477754354 298.955171466 483.001985669 362.007076979 298.443549633 358.450812578 238.937522888 
/home/tianli/face_detection/results_one_person/original/all_background/404.jpg 591.767054558 617.230909109 599.20542717 530.667494416 604.279755205 456.399061203 568.802517414 457.612449169 580.886556089 534.298674583 589.515724778 613.014888525 638.28404808 474.802961707 628.9377051 420.730912387 620.586681426 364.110588863 554.764073968 361.573425055 546.617056608 423.505271435 551.049529076 464.407158852 589.526365995 346.962672472 593.507587433 294.562281847 
/home/tianli/face_detection/results_one_person/original/all_background/866.jpg 350.78684473 640.025472641 317.058025837 546.727026343 243.001688659 452.386513352 287.311113119 444.644680023 326.166666031 547.900220469 348.765384138 640.112156391 170.791452885 309.334148645 145.382878542 298.865464449 183.024956703 333.796837568 260.985994339 328.202347517 313.521939516 359.749259949 302.714385271 408.302002907 213.000536799 317.073172808 178.061720848 267.624411821 
/home/tianli/face_detection/results_one_person/original/all_background/83.jpg 534.485803604 694.24135375 655.580942392 537.70440197 760.921093225 553.644878626 805.374856353 533.0417068 829.253350139 619.403562963 543.386674404 699.045892656 706.726873398 507.771357387 681.331319094 501.658533216 712.21127224 423.201002359 835.805990785 382.719875574 849.037313938 475.149307787 791.223891735 452.31792143 776.64554882 388.058175001 782.136249781 325.358972669 
/home/tianli/face_detection/results_one_person/original/all_background/388.jpg 295.954857826 889.043087482 386.2732445 674.920210719 291.704794496 452.239666164 362.703230143 490.914562225 294.847803593 665.569882393 295.862690449 893.125563264 256.913266659 355.390086174 258.389724016 365.423255205 292.258848548 298.503096581 374.244813919 306.99068439 373.331713438 384.52542448 347.804295853 502.830015659 330.947809815 267.773231044 339.410886049 200.162656546 
/home/tianli/face_detection/results_one_person/original/all_background/45.jpg 116.963742733 540.400188863 456.508470535 452.236792654 458.827956319 338.640186071 493.794919968 329.579377174 540.631873667 433.583501339 571.458395898 507.552967846 464.431507587 101.452185154 468.82442975 164.543527067 475.402159452 212.401794672 528.465361595 265.840894461 573.738007307 290.655163527 632.158864498 304.963133574 511.250351906 233.885984898 548.786845624 187.914195962 
/home/tianli/face_detection/results_one_person/original/all_background/870.jpg 302.182459116 498.43743515 244.2412135 418.843647361 281.536403418 245.007690549 333.068187237 250.983018517 327.691987038 414.668755531 318.480848312 532.668614864 293.426100492 294.198246956 282.012672186 212.469317824 277.408043146 119.49584651 380.958306253 129.856939793 380.197928697 216.515743256 372.365500212 285.672766805 322.129415751 94.6850087643 307.640340328 29.4191433191 
/home/tianli/face_detection/results_one_person/original/all_background/293.jpg 517.793143272 735.214652538 920.416231155 533.427727818 940.465719968 323.505537897 980.190190405 319.586100101 969.424541712 526.605850935 518.010301828 738.659106374 793.035078049 403.853210926 843.874230146 303.330749512 850.166776657 257.924094677 42.0339591503 205.969316483 158.561493158 221.751086473 901.402652264 283.941313807 887.876560688 211.824069396 881.833440304 256.936120272 
/home/tianli/face_detection/results_one_person/original/all_background/419.jpg 570.293032169 650.377120733 552.48178196 525.100712895 465.998535633 491.312569976 441.935636282 493.583291888 475.59094736 567.873539925 570.214606643 650.251293063 491.171244621 404.50136131 450.137936354 419.764948815 419.269705057 352.994547606 427.783690289 319.806413174 436.454072058 405.831498861 983.206064701 163.394201279 426.544781327 319.298871994 462.70399642 247.539064884 
/home/tianli/face_detection/results_one_person/original/all_background/143.jpg 420.166597307 648.852363825 420.843650043 567.247292042 419.557664543 479.395043612 375.401123524 476.857609928 386.032013655 566.800972462 395.976895178 656.557956219 483.176047206 474.204700232 465.110654354 423.015493155 438.881825447 363.321025908 357.467365742 370.797196269 360.497942209 418.284417272 360.302161694 468.272965461 390.662217617 348.453021228 376.765967369 291.975531505 
/home/tianli/face_detection/results_one_person/original/all_background/833.jpg 155.228089154 549.546971321 145.882098436 483.251785815 133.902137995 418.704358935 154.249682665 411.907385968 154.990605354 483.025693953 162.147895813 547.711188763 54.1246907711 345.202784061 101.504113436 360.062144279 130.974424362 360.006298065 172.718271613 364.279873908 196.501901209 372.69258368 224.035007 389.992286682 150.506305456 356.576179266 150.455389023 311.727252483 
/home/tianli/face_detection/results_one_person/original/all_background/319.jpg 416.294829845 792.73170042 444.577017188 619.120532036 401.63433814 443.41670984 439.486287594 448.596959352 357.798808217 603.719928116 418.563460231 794.61946249 349.935336709 384.850689173 389.834493876 326.718315363 404.635992825 257.24794364 479.434005976 257.582642555 434.128457427 341.138143897 355.716548592 382.192483425 435.73542136 233.628168106 421.706552625 173.194026113 
/home/tianli/face_detection/results_one_person/original/all_background/211.jpg 737.629652977 692.21278432 732.686798632 584.925119638 744.729554176 459.372110188 802.350509167 452.36549136 792.608249664 587.077759326 784.436651945 707.075296462 719.076742649 370.967103601 671.870032787 356.941643894 733.232223392 301.508776188 842.825820804 312.488963127 848.742152452 393.593610287 866.280509472 375.287400246 784.87429142 276.684050202 783.866300583 212.604820907 
/home/tianli/face_detection/results_one_person/original/all_background/290.jpg 529.945484161 657.557006836 541.777244329 567.834252119 608.897918224 452.044449851 555.42767638 468.230627239 598.83945632 563.626440048 606.774575472 647.883785725 650.26241076 252.055806201 623.692968845 291.71594128 601.367594242 347.08189714 530.250308871 356.545659125 492.19328469 413.669867516 487.078105211 359.67058754 566.634081602 340.731992424 575.874806881 281.708661079 
/home/tianli/face_detection/results_one_person/original/all_background/9.jpg 747.658754975 536.59933424 696.965558052 466.837165117 740.315472096 430.674257755 774.600129843 429.41776979 822.55851531 496.821230888 891.749514639 566.1375494 688.262588978 373.124459505 717.629724383 365.712706566 713.951628923 349.251709342 724.173404738 337.022777319 723.859451562 362.71495831 690.026749492 369.531220913 710.199898005 343.392961502 671.457555771 312.340433359 
/home/tianli/face_detection/results_one_person/original/all_background/500.jpg 617.72949934 616.371521235 622.616084576 557.206779122 629.278818965 478.716585875 594.654761672 478.087118626 600.7203722 555.669599533 610.860861421 612.415912598 664.051264763 489.316753387 659.89995531 450.314902544 651.916185312 405.904373407 594.043296695 394.499832273 582.453970909 437.535884261 557.756918311 417.638968945 622.24103117 391.776526213 616.0674932 340.486539006 
/home/tianli/face_detection/results_one_person/original/all_background/22.jpg 671.759479761 582.292056084 649.012058258 548.630184174 660.548897326 477.120641351 628.465651572 484.751939178 615.332443714 595.12664634 614.336346626 673.567346811 571.047995985 454.294329405 649.757976532 432.179642677 629.843908787 388.134364009 589.143868566 408.032849312 594.685120821 458.781742096 573.691832185 476.276427925 600.79197216 379.859903723 578.675597429 319.426630974 
/home/tianli/face_detection/results_one_person/original/all_background/790.jpg 843.457663953 767.010958433 824.082639694 637.912132859 804.264506638 514.048628807 865.455517769 510.493271589 829.505224943 641.726098776 841.383844614 771.858703092 729.235426426 437.231531978 794.343035936 439.834246159 802.353320122 352.579329729 892.98113054 352.644533634 918.308485985 426.002297401 918.044962168 444.910125315 843.057394028 325.424611449 838.494861126 255.553658485 
/home/tianli/face_detection/results_one_person/original/all_background/297.jpg 315.748847038 844.951647103 348.571943998 765.422349453 499.457610071 532.436914295 487.289947987 539.228048503 526.242330551 658.532708764 532.77893275 743.050551891 362.098265529 478.066851377 443.785339996 462.281918287 451.16309005 465.835220098 436.392839193 464.922961473 389.195072293 473.433495045 355.609545648 478.094358444 446.915991545 441.352031231 357.612350464 495.258799076 
/home/tianli/face_detection/results_one_person/original/all_background/845.jpg 315.843358412 444.627633333 335.538604259 359.219071865 257.892756462 346.796711087 280.771849155 340.508801043 333.341501474 352.558908463 312.472865582 444.257908344 174.738074064 282.634308815 224.291826487 289.245299339 272.283100128 271.060316563 315.182236135 279.664988518 279.816661119 308.73584336 245.911845803 281.715535879 294.186959028 275.032029867 310.045082569 226.258521438 
/home/tianli/face_detection/results_one_person/original/all_background/231.jpg 659.679961383 1075.79157417 650.844289899 929.710230112 604.196621343 851.410019338 675.943258882 851.205238998 756.967915058 794.221687913 750.500321865 930.377711535 631.666480064 880.700664759 603.333808303 822.710031509 597.993633389 732.708374918 698.039100409 737.084772587 711.342240095 811.65009895 738.605453134 857.95285368 644.766318262 704.429039001 645.10152638 637.977521658 
/home/tianli/face_detection/results_one_person/original/all_background/510.jpg 338.012539029 433.473484039 359.140728951 342.574762821 394.01158762 289.417378187 435.533238918 284.52960968 419.691950858 355.366096497 460.80198133 431.129081726 308.368549347 281.871614695 324.122702815 255.285377502 342.279289722 214.703179598 403.588608265 198.303689957 445.104479909 239.695678234 416.359702826 261.791605949 368.365422726 199.10639286 348.150853738 140.835596204 
/home/tianli/face_detection/results_one_person/original/all_background/141.jpg 673.591834545 1106.48649466 316.794462621 859.551358312 608.286493063 397.220211864 171.473545253 197.465879679 669.158448696 1047.29661703 350.077391386 966.792333603 436.204437628 329.388370514 406.572141171 351.869449139 396.057001457 379.770708397 502.96006155 336.066874504 480.624592304 515.759400457 435.936571695 323.132808208 438.618336439 378.361403346 451.02432847 300.542215824 
/home/tianli/face_detection/results_one_person/original/all_background/122.jpg 118.607820511 760.160609722 346.80171001 960.9439044 331.265055418 356.542840838 381.963516235 358.830053329 341.015399694 957.436458707 120.973499537 760.216400146 332.058475602 316.971752048 231.957862854 547.166508257 317.935063958 207.026805878 442.808716536 278.448066235 448.825498104 291.942753375 473.302412748 339.73014465 365.875591755 203.363250852 362.244666576 155.276859999 
/home/tianli/face_detection/results_one_person/original/all_background/151.jpg 707.057170093 465.60601902 741.834758162 353.058132172 810.979999304 309.62457943 859.2365309 324.656633914 761.623589277 360.083951235 787.388798237 472.659466267 820.095039576 274.313841701 785.376687527 256.348349333 794.7740376 180.687811196 861.616986036 184.617744446 838.590911865 276.137534976 812.588068306 274.388665676 824.396605253 164.529088616 821.56102407 99.8015622795 
/home/tianli/face_detection/results_one_person/original/all_background/795.jpg 570.793271184 979.707018226 585.462773085 811.667233944 606.545313835 694.933188438 655.463545084 701.035077572 637.626472235 813.374866128 595.490005136 977.212993145 596.14184995 590.557753086 589.791086197 609.248137236 619.87785656 564.844724596 681.181786299 574.539592505 670.571872234 663.071935177 667.180731356 723.529994398 648.290463924 537.886884928 656.231788635 475.882570073 
/home/tianli/face_detection/results_one_person/original/all_background/583.jpg 512.583258867 627.678281307 464.88144803 508.40604654 465.664843082 403.729983211 443.023110449 398.212666035 453.250230789 514.221203446 508.518534243 635.269656062 497.863375425 404.995488524 474.46497035 353.03315258 464.76435709 287.431057692 422.788839102 288.950787067 420.180877194 340.875793695 442.950067043 377.623627901 449.378108025 274.725176811 469.319370627 213.027362108 
/home/tianli/face_detection/results_one_person/original/all_background/19.jpg 359.691760302 506.902451158 353.477497339 430.907419443 351.239399433 345.87214303 308.471169621 342.912706614 309.633629799 428.812540829 309.344278574 510.917589664 385.766692638 344.139093876 383.726272345 292.766642451 365.155831575 229.373474479 292.04682086 225.794938326 276.919205666 289.945556641 281.472903252 341.169400215 329.128270388 217.904647112 333.087248564 165.055262804 
/home/tianli/face_detection/results_one_person/original/all_background/452.jpg 612.618661821 555.729016811 660.770167053 453.473204732 704.652222633 326.84560132 761.268672705 325.036405087 820.393104911 442.430057883 880.829180241 531.153297305 566.451320887 124.28685534 617.53417635 162.362596869 672.199696541 194.110091209 776.765553713 192.688643456 837.390639067 188.765359938 902.11157918 168.495497704 724.677181959 181.587843418 722.36385262 122.773852944 
/home/tianli/face_detection/results_one_person/original/all_background/914.jpg 332.92143935 638.37919426 332.027560279 538.556547761 353.995560408 364.859364748 390.402804375 363.65025878 372.122363359 533.077297211 363.599730939 632.95574975 317.814302087 342.585817337 270.352276325 292.967411697 321.024278879 239.994983196 402.239619374 238.926371098 455.058222294 227.957208224 477.218106389 175.070125818 367.156978607 219.530028611 374.653764486 157.867515564 
/home/tianli/face_detection/results_one_person/original/all_background/47.jpg 87.3047304153 273.87169385 142.153991938 204.258786827 55.6426286697 251.172742844 74.4354419708 236.299518526 144.679127216 202.159044266 117.442236543 263.933390141 123.348399699 192.067406893 66.5743303299 218.130862236 108.228998214 164.072996818 122.004131913 160.315861702 104.264244318 204.987864137 138.921031594 185.660027027 132.669941366 144.545933723 159.687052965 84.0007886095 
/home/tianli/face_detection/results_one_person/original/all_background/474.jpg 451.720044613 674.020894051 469.151447058 564.990956068 412.446858048 450.89621973 387.511259079 444.360817075 380.061901607 559.087774992 366.402941704 659.083153367 441.239493847 353.840128183 378.810596466 374.333179474 388.04988927 276.544231355 356.98652935 253.296840787 380.295748115 351.755467415 434.505611539 343.282759905 390.000286818 240.411933899 413.633122683 183.615116596 
/home/tianli/face_detection/results_one_person/original/all_background/492.jpg 420.867193043 1053.34508383 403.775454283 921.790464878 433.974097967 486.723395348 513.561203241 507.280127585 448.211071968 923.107153535 422.438761711 1051.80401002 231.980365992 103.202816486 241.496442318 150.139284372 425.978401184 297.058048487 516.20236288 291.795126468 592.741955996 382.238070726 644.549818456 436.497905165 476.081489995 270.904731274 482.295082092 206.056704521 
/home/tianli/face_detection/results_one_person/original/all_background/10.jpg 296.406912327 588.379185915 266.986168861 549.351002812 264.368611097 477.625757575 288.188954353 484.867408335 294.162215471 541.002820253 301.330660701 594.674643517 233.448266506 424.381316185 260.519498408 417.896450281 282.904551864 412.620638728 308.036697473 420.3434259 304.205796719 461.745674968 276.851371348 474.145400763 293.200717211 413.317650676 300.420904398 363.883532077 
/home/tianli/face_detection/results_one_person/original/all_background/412.jpg 647.995203972 850.567116618 552.07723403 290.655330777 740.700480103 494.277698755 707.364487946 299.799690664 699.972579341 633.549896955 648.683860779 849.414180279 708.312933832 164.270349324 790.897767782 141.905227661 700.064627901 219.69937849 689.504152775 217.003139019 788.683653235 140.209510103 466.885081768 239.287501097 752.540585041 206.216011286 805.018971443 140.151555955 
/home/tianli/face_detection/results_one_person/original/all_background/317.jpg 440.194406509 686.253907204 447.06874156 587.268814385 446.571821928 475.000398993 395.317788184 478.212799788 389.333132029 589.29402101 393.515881538 688.196491241 496.699926615 493.859742761 482.34952414 427.794175982 465.736465693 351.648027182 362.687618971 348.49189353 343.81362319 428.201106742 341.293835282 488.801614523 414.888311386 318.101495743 416.024767399 257.289689541 
/home/tianli/face_detection/results_one_person/original/all_background/257.jpg 876.241457373 629.075979114 885.361502528 561.918096066 889.513609409 483.745329618 928.794350863 483.452132106 928.116383076 569.287786722 936.038848639 643.207616627 936.211900234 354.248072386 877.577654362 318.780694962 895.1651752 359.767899513 947.933837309 371.471675813 930.881405115 422.642394543 950.600280762 347.736534685 922.488314986 358.866356611 938.742771387 309.908615828 
/home/tianli/face_detection/results_one_person/original/all_background/312.jpg 427.30192101 1057.26921225 427.674110472 984.191596031 386.206850052 625.341044664 451.341546118 626.318622589 505.391533852 899.77637437 416.7983284 1038.39518118 658.555834293 187.049714029 332.889325738 539.248571873 347.816559374 449.924091578 470.651175737 467.222141683 481.138940334 525.545558691 481.131824493 529.454817533 417.747925282 426.798437834 418.612340331 362.851181865 
/home/tianli/face_detection/results_one_person/original/all_background/119.jpg 391.969334364 864.670424938 387.417291939 751.546923399 385.970807552 644.94610703 443.275660157 644.038215976 430.16686511 753.664511919 420.214471444 865.497187853 364.61411202 584.801889896 325.191519856 555.108967662 354.415408254 469.198679924 457.190783024 477.603684187 465.760394335 552.09570837 451.930025063 609.108412266 416.396542311 440.358389854 425.908191681 375.355780125 
/home/tianli/face_detection/results_one_person/original/all_background/201.jpg 454.010287762 558.678538799 505.708231211 488.642661333 562.230457902 419.321205795 618.665682077 421.434539318 674.290512323 493.816752434 732.115712345 562.988113046 442.489110947 336.029314041 498.825922132 334.602600813 548.196779311 328.020174742 633.706174374 329.012401104 687.021166086 333.508672476 740.279197574 329.751724243 591.216687918 341.437114477 592.628006458 280.734221935 
/home/tianli/face_detection/results_one_person/original/all_background/35.jpg 530.819998384 450.972081184 498.973276734 391.25109911 476.875187993 356.942529619 460.209208444 363.153661609 493.416149735 395.502939165 533.420559883 444.613105953 429.278906345 266.997306466 464.531690121 268.059708703 445.747085452 290.418336987 415.536995888 315.197865427 460.790794492 267.524971306 535.786846638 437.930953979 427.354444444 298.760756135 405.14042449 268.998528123 
/home/tianli/face_detection/results_one_person/original/all_background/591.jpg 516.448631912 430.971262932 503.462346554 345.623311758 452.254170865 264.402868509 439.135843039 262.473991632 388.97507298 337.298957586 328.307052135 393.561939001 390.961473942 214.744642735 410.302456737 183.542184353 452.317190468 155.171878338 512.116280079 162.441758752 493.875656724 95.1247651577 501.433508396 44.030290477 480.613892794 147.611179173 463.238448143 97.293254137 
/home/tianli/face_detection/results_one_person/original/all_background/459.jpg 304.773910284 480.740522385 264.314739704 396.163154915 333.002500892 289.707128525 321.392007351 290.157174945 297.37933588 403.681023806 274.610437512 492.193365127 333.828196049 252.832832456 364.999712169 250.375494719 411.79272604 179.361821592 379.618908405 185.945237637 356.85309428 258.273222208 286.083117962 263.74119997 394.586704373 159.427572966 403.634177625 103.154546261 
/home/tianli/face_detection/results_one_person/original/all_background/82.jpg 591.798438072 579.40481329 575.824640751 476.631906033 559.939610481 356.727455139 607.605026245 357.081815481 602.568767667 478.412313223 592.094000101 567.920554638 521.551533461 377.950573683 533.852889299 314.480772734 539.943186432 239.16910553 627.946708817 220.460145295 680.141858578 259.27574122 746.516743302 246.325762749 581.208195686 212.335666925 574.946658611 147.699949622 
/home/tianli/face_detection/results_one_person/original/all_background/875.jpg 188.275047272 804.540706575 195.094349861 690.680684686 211.482210219 571.479331255 284.358271539 556.156642824 307.010339737 709.867744446 321.377055407 854.848095417 181.757962465 577.596898556 176.66693306 499.436003804 197.362644792 373.350440979 292.777384877 385.600410223 298.440995336 471.337705135 317.92513597 522.473662734 259.667108446 349.209883451 277.83908844 282.980521917 
/home/tianli/face_detection/results_one_person/original/all_background/854.jpg 563.934375286 340.773782074 503.78151083 384.784813404 539.981009694 307.781702951 531.430239499 312.831124783 507.026292682 386.274020553 567.708331108 344.391780376 581.55195117 114.529684424 547.476363063 157.473424673 507.235975325 219.668755084 526.493237972 211.439293146 548.06348788 158.833093405 580.244279236 116.148994908 516.35605222 215.205636501 514.362626076 170.899891376 
/home/tianli/face_detection/results_one_person/original/all_background/110.jpg 391.945141077 595.329878926 618.119693518 486.430167675 542.377896786 381.11701107 533.777753711 382.057314634 465.925257444 492.352312207 505.124585152 527.019936562 550.887032509 237.690783143 568.908430576 260.976361871 584.677004099 254.050253153 610.269950271 267.50021264 575.737441063 266.767411947 551.129039764 236.21727778 601.256582499 237.045768142 594.057985783 175.674183846 
/home/tianli/face_detection/results_one_person/original/all_background/826.jpg 421.320180893 412.520507216 338.455111146 334.365086079 456.845317364 316.036567934 505.795691729 338.309810996 399.054689169 335.154689074 459.941019304 413.485513091 388.717217922 197.446650028 371.701821983 277.897596717 375.626792908 193.806045055 467.178526223 193.387738466 421.717589378 295.102046251 401.591245651 200.664981604 418.297339797 171.981460083 406.913614988 105.370145798 
/home/tianli/face_detection/results_one_person/original/all_background/162.jpg 497.994700193 1138.67880976 485.456208944 1040.66899276 386.666859031 540.404977232 521.12217164 619.585104942 384.946451187 819.579059541 403.525837034 1140.56875181 364.181802779 396.365234077 457.998863459 218.681208372 364.860696614 355.023841977 388.907731175 222.500688553 371.863999113 275.298853219 484.081050225 435.583028972 435.60404864 192.530347347 393.952912092 214.280266285 
/home/tianli/face_detection/results_one_person/original/all_background/463.jpg 601.681193829 955.789206818 589.186579466 855.529968739 584.609772205 708.714692295 653.487214923 708.581386209 626.851345181 856.6712358 609.251020193 982.090533733 528.301787615 722.666577697 545.554698467 639.883069038 561.717736244 553.00817728 672.583521843 557.948265195 677.142708421 650.643125415 697.212519169 735.101323366 617.077099323 519.146212339 621.634187222 455.866610527 
/home/tianli/face_detection/results_one_person/original/all_background/289.jpg 816.222004414 494.374752522 814.101159096 435.688331008 811.01617825 365.873513341 781.678072214 366.058827639 764.102984257 434.611688733 749.048781395 493.823960423 826.983175874 362.114415526 832.358941555 324.115083471 819.138237238 297.563124418 778.354625225 297.031008244 778.835404038 332.291797787 763.413301945 362.201089978 799.418811798 298.264340401 797.177716374 252.046294343 
/home/tianli/face_detection/results_one_person/original/all_background/821.jpg 553.524719 559.478405952 579.14842391 420.249007419 642.020276189 308.312721282 690.888587952 310.044248819 720.425428867 441.993210793 554.11900878 558.06682992 590.054680586 81.6198954582 549.546025991 146.637802124 612.928206086 157.581770182 704.813258648 147.60960263 771.969022866 210.784457445 800.670406818 285.593114972 651.419792175 121.881444216 641.704403877 60.9839718938 
/home/tianli/face_detection/results_one_person/original/all_background/129.jpg 377.453801632 547.602117866 370.834800124 474.145856142 370.456220627 388.184921578 399.349449396 389.266471386 390.323125362 467.932736732 378.632995963 540.524129093 271.094129086 251.802672848 318.414603472 262.208217621 351.800601482 284.579288781 403.551934808 285.288612723 414.561199903 279.386901379 434.089087367 270.511712551 380.065398149 279.915226936 373.191176176 233.125468731 
/home/tianli/face_detection/results_one_person/original/all_background/466.jpg 1043.03911752 639.78736496 969.99909687 544.480949879 882.865286708 405.446666956 928.635765314 411.092295647 919.899192333 549.48740387 984.380074501 666.407066107 886.091156244 178.089906812 915.480323195 248.315446377 835.88941256 257.14346981 814.519446135 259.667153388 913.699004173 246.52120018 886.505494595 179.092051864 800.177652359 247.487223625 912.663199425 125.706538081 
/home/tianli/face_detection/results_one_person/original/all_background/340.jpg 770.152002692 585.404768944 774.078455687 453.035486937 643.463474929 403.679359585 593.560759783 411.150223792 635.363811433 565.115594983 541.13065505 666.480595469 838.41311121 364.044944104 750.46321702 329.788402557 720.533672333 267.590351582 660.904250085 260.158851773 681.966990232 368.226802349 736.768811703 385.162249565 703.747494221 251.826073006 753.513259649 206.0257833 
/home/tianli/face_detection/results_one_person/original/all_background/29.jpg 118.585175276 382.998176813 229.323895335 347.841873392 197.994843125 290.295186877 196.434306324 288.264532089 180.64379859 358.130363226 119.814477921 385.350622654 234.568458676 274.92067945 201.958941698 262.32369709 205.642166615 224.086558104 203.689647049 220.568391263 203.210709274 254.787151575 224.217984676 269.778746128 208.689893007 213.340174079 220.750128627 166.78150177 
/home/tianli/face_detection/results_one_person/original/all_background/903.jpg 501.313272834 618.511180878 495.859611034 500.441235721 486.345891714 398.148886681 529.780677557 398.476130247 513.590906143 497.896928072 503.443602562 595.846742392 480.210685492 368.55909276 445.329646826 348.995174944 462.082399845 280.357999086 544.30491209 283.873490542 556.631986737 344.952906609 544.5813241 363.773414016 506.12311399 258.285549879 512.789629936 199.111283779 
/home/tianli/face_detection/results_one_person/original/all_background/167.jpg 759.044431925 702.938054562 785.10750103 616.125975847 809.779259205 526.731188297 853.371872067 527.834190607 834.10659802 613.31012702 834.377302527 705.207061052 798.015363455 528.935621738 787.429968834 466.578499436 789.923250318 396.952237129 869.040531874 393.795552492 877.991073012 464.069030285 886.118280172 522.68973124 829.193686962 362.402755022 829.776938915 297.544061661 
/home/tianli/face_detection/results_one_person/original/all_background/308.jpg 793.599536657 720.978656769 804.447788596 621.100951672 811.55293107 513.139634848 760.002267361 514.860619307 764.55552417 622.128880978 771.450003803 724.926359832 966.976613522 423.427984238 898.343984604 407.600026846 829.263257146 392.171244383 735.139986753 392.488013744 672.471840143 420.239036649 600.158713818 441.831602097 780.464336604 376.127826214 781.324831367 312.069247007 
/home/tianli/face_detection/results_one_person/original/all_background/423.jpg 287.929513454 1045.43703377 288.117376328 961.496977568 290.092892647 869.832575083 242.868490338 869.463079572 250.093250632 960.818809986 258.329671979 1046.50018692 301.383145452 787.989722773 327.476940632 813.302327633 307.989276723 742.694069862 212.415048152 741.694551229 209.91698432 813.52776897 240.974748373 797.569601536 260.408830911 716.101643227 262.08020997 651.365621686 
/home/tianli/face_detection/results_one_person/original/all_background/877.jpg 188.466363043 574.51830554 263.432568312 517.934930563 363.874311551 577.758118391 348.77612865 587.735580623 262.96450305 520.421898127 191.729998112 579.209954917 281.670603514 498.668183088 336.545755625 496.719623566 389.183617711 458.960047841 374.05217123 468.592339039 318.762312412 519.014243841 276.392897666 499.136224389 380.814328372 435.343873024 384.020933151 373.430626035 
/home/tianli/face_detection/results_one_person/original/all_background/900.jpg 154.67509377 298.888315558 146.297867298 194.259320259 100.110096388 162.529054284 129.509900331 155.785207674 164.239199772 203.741493881 157.190251708 296.698601246 55.5199608803 162.807915092 60.9997668862 130.849076509 53.2979184389 89.4470775127 106.31491673 90.1255311966 123.52845329 127.955359221 144.916858673 159.002554417 80.8552265167 81.2354917526 84.712417841 33.3642270565 
/home/tianli/face_detection/results_one_person/original/all_background/59.jpg 350.068262577 660.93313098 383.88971138 539.151867449 421.190364361 417.818533659 485.429484487 424.833175182 488.277121544 541.908530235 476.82102704 656.143100262 407.457484722 364.360332698 363.24855262 330.078960538 403.447992086 252.862367928 497.897938728 287.758827686 518.125537157 365.199918509 468.454162747 362.966231108 461.450403452 256.458332062 492.305458784 186.133273602 
/home/tianli/face_detection/results_one_person/original/all_background/511.jpg 315.831837907 789.017556071 313.869015694 710.766132832 314.024375439 606.087665081 348.16406253 605.820676327 355.696161866 711.10554862 331.23077327 781.986847878 335.120331764 507.129152238 330.508213162 537.188134909 287.614479065 507.836311623 333.859822631 507.558156967 351.05978322 569.228178024 365.767258644 619.507073462 316.96820426 496.004301548 334.221682072 441.112194538 
/home/tianli/face_detection/results_one_person/original/all_background/822.jpg 414.588735104 885.235811472 401.832808495 804.073131174 388.820994616 625.116724014 474.16335988 621.423847318 607.571599722 519.378679276 437.741084576 1054.15090203 105.61290741 114.603090286 328.645143986 637.269320965 356.735407412 419.795828015 501.664221048 409.982007742 516.216269165 603.218031943 517.315721273 603.077257693 431.437146664 385.972204685 427.699650168 318.440647125 
/home/tianli/face_detection/results_one_person/original/all_background/307.jpg 322.225304961 673.578914404 331.358060479 540.133361951 347.199906051 412.068969592 320.507031441 410.761541367 326.095205784 541.359390378 316.265460342 668.716719627 422.700860023 401.188462257 366.175636053 363.169337988 350.900546551 279.285470247 357.061182857 269.380572438 435.819803953 199.47482419 406.227228403 350.414711475 372.522746325 246.881053925 388.969117761 187.482881844 
/home/tianli/face_detection/results_one_person/original/all_background/265.jpg 577.728444815 783.166140079 565.621214867 658.152428627 557.551802516 531.164503574 614.771646738 529.669799805 596.964543641 659.025393367 577.624608517 782.532324553 421.540728927 496.451703548 513.947245359 315.391384304 538.41631043 368.95546484 617.176121712 353.102118254 667.80738315 329.393415928 731.892627724 503.996622562 583.696574211 340.809229136 582.683570147 284.281071723 
/home/tianli/face_detection/results_one_person/original/all_background/505.jpg 350.411250114 667.528902203 325.093416095 522.981952429 314.207763791 388.711516917 383.341173649 386.736552477 370.056417823 521.930079222 348.897965431 668.677360356 272.763965607 421.523379803 265.825419903 183.532835007 294.394978046 222.424031496 395.666552246 217.714132071 410.562107563 336.249228239 405.63130486 285.043491006 349.866185069 188.568847179 355.055001199 122.454744458 
/home/tianli/face_detection/results_one_person/original/all_background/391.jpg 118.607820511 760.160609722 346.80171001 960.9439044 331.265055418 356.542840838 381.963516235 358.830053329 341.015399694 957.436458707 120.973499537 760.216400146 332.058475602 316.971752048 231.957862854 547.166508257 317.935063958 207.026805878 442.808716536 278.448066235 448.825498104 291.942753375 473.302412748 339.73014465 365.875591755 203.363250852 362.244666576 155.276859999 
/home/tianli/face_detection/results_one_person/original/all_background/421.jpg 107.725101501 867.387803555 638.1414814 714.901173353 555.761526406 521.856095314 669.575403214 539.541073561 692.174688086 683.037549853 716.032409966 868.803511798 131.843033433 185.822979212 533.443659186 446.091295004 544.280497789 317.144863963 676.081251077 316.539488733 700.676024616 416.501135588 598.316607952 425.030713797 609.946656942 281.495356798 558.257247448 259.91996485 
/home/tianli/face_detection/results_one_person/original/all_background/460.jpg 746.399417281 1092.0390444 635.206055343 292.323477298 643.160717785 452.216013208 714.690462947 697.330761909 700.373657644 1009.09292793 746.157494783 1091.38472223 699.00473088 205.50594306 1046.05754423 445.031223536 715.975689949 283.366953909 778.66984725 198.798952579 850.255803108 303.232727051 698.361330271 216.84229207 731.477150917 267.265155196 679.664269447 137.780637503 
/home/tianli/face_detection/results_one_person/original/all_background/370.jpg 756.78110069 722.585626602 754.941637874 577.079306126 749.217491984 420.057001051 831.667479038 423.179317951 849.425268173 588.124822207 871.601183891 731.665176779 696.607067108 427.760137424 697.82695365 337.454094648 716.310459912 240.913192511 864.556046963 244.191223234 880.872656345 332.900781155 884.728791475 425.328448772 785.386488199 210.005372882 781.825372458 140.793291807 
/home/tianli/face_detection/results_one_person/original/all_background/803.jpg 114.814784408 337.00810647 736.058741331 441.542543173 737.608426809 358.074724674 782.710042953 351.996780157 810.017338634 436.437707663 823.5906353 491.888597384 739.534380198 314.596535563 689.947197437 307.342157364 712.067771673 253.850734234 789.84690094 255.739344835 804.418935746 309.794165969 802.742902637 317.151535869 758.770450115 232.478103638 766.660595655 174.838240385 
/home/tianli/face_detection/results_one_person/original/all_background/872.jpg 190.463326693 320.113976955 96.1437010765 158.623026848 105.942509413 228.029077336 147.492794693 222.286667109 216.43321085 229.188050151 190.163819313 323.445684493 147.762332231 242.13579607 113.758523941 195.002285063 102.258963346 135.203148603 165.222043037 134.34948802 159.460962534 198.704115868 162.382972598 238.554450989 134.576019764 118.781849146 127.601815224 65.6494145393 
/home/tianli/face_detection/results_one_person/original/all_background/2.jpg 412.520328701 355.012404382 405.589977741 307.648688912 411.605555475 257.762178421 435.06561631 261.020877838 437.335106969 309.796635151 454.49422884 337.094689131 410.403358102 248.667000055 407.365353584 235.083981097 410.509384155 209.990594625 439.80603385 212.393201828 452.741278112 241.216835022 432.427306652 242.129289508 421.976134181 209.713989258 415.305676937 169.082527399 
/home/tianli/face_detection/results_one_person/original/all_background/8.jpg 432.630591393 448.97306633 425.864112377 398.358566761 540.24495849 372.260936469 589.015152335 395.323149741 425.472800493 408.995653152 432.26079464 448.873440981 501.454511881 387.573342323 539.878883272 357.606734991 514.654862046 283.40204823 572.727363884 267.828035757 584.912875175 372.799342811 520.831899643 396.50867492 529.217269659 259.069024801 498.726920843 200.897772074 
/home/tianli/face_detection/results_one_person/original/all_background/25.jpg 264.127684593 897.816264153 290.145028234 757.71622932 300.753062248 648.741549492 341.769437194 653.391270161 347.707900286 787.537804067 344.905871868 919.080904484 275.411051452 659.001182139 296.592905045 594.694652438 295.198317528 509.387244701 372.820712149 519.220790386 381.183302045 613.830943227 321.328125477 622.564976931 322.621806145 497.21388483 303.426458836 433.613797426 
/home/tianli/face_detection/results_one_person/original/all_background/418.jpg 301.201815724 847.668185711 295.190316916 717.994396925 283.381340384 588.466553479 341.951664805 582.042907953 374.696593523 725.120440602 382.540411472 819.565435112 146.507706642 409.582817554 178.464211822 472.699888706 252.666832745 422.639620066 349.762637854 399.995434523 377.682004929 463.14017725 439.173961163 422.045694113 305.231060028 384.729167223 288.352715969 321.963342428 
/home/tianli/face_detection/results_one_person/original/all_background/898.jpg 324.09007322 486.203817606 329.194506645 401.044180155 380.206661895 370.309639454 420.052971534 369.865348101 474.248715162 477.935355783 441.184972763 477.653111815 363.080397069 341.425510526 362.438500643 325.608326435 380.220052376 280.349840879 433.78823638 291.429166853 446.313199997 339.953608256 431.095758677 356.58793819 407.063016891 273.94525218 410.974027634 221.65712285 
/home/tianli/face_detection/results_one_person/original/all_background/20.jpg 427.393000066 529.915815592 491.211163223 373.118060946 420.767886221 395.046044827 546.027158737 337.66765976 564.607443452 348.519306242 493.425654531 441.31028533 553.014112234 416.332264662 498.816018105 349.186048746 467.855452016 265.499662399 545.245006323 240.980609417 568.675217152 319.556865692 525.798395157 332.551213562 497.990350485 238.433341026 480.066923857 173.204131484 
/home/tianli/face_detection/results_one_person/original/all_background/286.jpg 737.629652977 692.21278432 732.686798632 584.925119638 744.729554176 459.372110188 802.350509167 452.36549136 792.608249664 587.077759326 784.436651945 707.075296462 719.076742649 370.967103601 671.870032787 356.941643894 733.232223392 301.508776188 842.825820804 312.488963127 848.742152452 393.593610287 866.280509472 375.287400246 784.87429142 276.684050202 783.866300583 212.604820907 
/home/tianli/face_detection/results_one_person/original/all_background/21.jpg 347.816163242 588.013590929 315.253866971 529.303117037 315.123169661 458.633364916 286.684711456 460.380188197 296.379220486 539.823861167 299.806666523 598.248671293 302.44016099 373.867718816 321.948258162 374.125552893 320.529386282 373.693526387 317.036839962 373.448607922 255.915791988 365.361011147 278.2603755 337.501218081 306.328646421 370.67209208 292.993797183 321.803503275 
/home/tianli/face_detection/results_one_person/original/all_background/585.jpg 329.576527834 877.809456706 336.283319473 149.57150054 249.618653774 158.957666397 248.994436979 158.44911027 335.526940346 149.289841175 196.721834362 769.916696548 180.77880919 199.681827068 151.030016899 224.993503094 195.494204581 184.143450022 298.149508476 286.939534664 149.215364337 225.082714558 177.386518002 199.390985489 242.853837729 265.228796005 187.47698909 179.306336462 
/home/tianli/face_detection/results_one_person/original/all_background/241.jpg 758.786803722 435.173597932 664.470291615 431.554991961 609.091627121 315.2160303 995.276371956 125.878110766 614.359693289 422.987541676 656.633880377 491.757473081 604.592808127 150.649105549 608.091506243 192.108722448 614.084004402 211.544314057 653.154350758 236.857405603 689.587990999 254.621466637 739.958210293 252.551421285 631.05616188 226.316858053 647.915714264 177.35303092 
/home/tianli/face_detection/results_one_person/original/all_background/13.jpg 70.7028875351 157.00480926 61.3793698549 146.987472653 62.5389499664 82.4969946146 91.651216656 81.442440033 94.3891739845 147.085435629 74.3527178764 167.354156494 67.9157146141 158.385511875 118.248998404 42.0153689384 62.1451838017 87.6954398155 86.3706729412 37.3037768602 119.740949869 44.1662459522 151.517086029 56.1600277424 80.0461616516 54.0475218296 82.9222011566 33.4024410248 
/home/tianli/face_detection/results_one_person/original/all_background/420.jpg 399.1537292 453.873169422 398.690260887 379.858985841 409.580253601 296.506693125 459.915708944 292.81026119 466.48382926 386.925615788 485.324326754 483.897096522 386.295290232 243.136706352 378.656762004 227.481419742 389.804911613 178.022624373 468.70792675 168.67480135 487.745112181 218.157651663 513.655596733 259.876154043 429.96990943 160.7470541 431.235550642 98.1049593687 
/home/tianli/face_detection/results_one_person/original/all_background/23.jpg 272.752328873 732.857438147 281.838995934 650.438596249 293.931658268 549.755647063 335.249498367 553.489838123 349.053252816 644.580345273 356.649269283 726.109794855 197.968248844 371.143166006 235.218582869 426.781595588 278.055745602 451.709186316 354.081902981 449.063612223 398.278440237 427.570773572 437.178152919 390.611964226 313.050561428 438.652736902 311.833899498 383.705072165 
/home/tianli/face_detection/results_one_person/original/all_background/353.jpg 482.635045648 686.118821859 495.563781738 565.200166702 509.104492068 432.896598101 452.189884618 435.254588306 441.016350031 556.856133759 449.53663826 659.147886217 572.675642073 440.762531757 556.12932913 360.633723021 532.599629402 269.844853282 425.46771121 266.744781852 411.127150357 364.588190198 427.07013303 435.619761586 484.591285527 230.265490294 490.733769536 168.5849545 
/home/tianli/face_detection/results_one_person/original/all_background/216.jpg 789.033536792 640.88495779 722.374831438 561.735732079 673.809622526 297.783298492 730.421491861 395.373052239 654.249380827 551.907830715 794.121751666 637.65578568 667.04207623 371.016236305 689.874630213 252.053110041 666.798056483 180.696159303 731.564284116 187.427417696 747.639649957 300.546665967 671.285735369 373.347651243 686.892884254 159.045163393 657.897233963 108.114346623 
