/home/tianli/face_detection/results_one_person/original/forest_person/700.jpg 82.5354174376 394.17929244 105.435022593 300.570689917 110.798912048 209.131682873 92.5430769324 205.681563735 94.2608664036 298.023605466 67.2678616643 370.508445978 138.229654312 222.610971212 120.46075201 159.122432947 132.164257377 110.528161049 106.673618674 108.733778715 100.189086527 156.255919278 112.84939909 196.986514807 122.618137121 104.272664309 141.365056038 58.5203475952  
/home/tianli/face_detection/results_one_person/original/forest_person/934.jpg 529.733148813 868.389019221 502.352564335 766.027282 473.851774931 684.763749421 496.816183805 683.208887339 461.302770972 767.307229757 455.811032772 846.921651125 451.456062376 661.918530941 444.080646589 606.425063372 446.301572084 549.745477676 469.015075445 555.556925535 470.266880274 610.954054236 483.153748631 653.829927802 458.657620192 532.885409951 444.093069054 480.938248873  
/home/tianli/face_detection/results_one_person/original/forest_person/577.jpg 548.86697942 547.560244828 569.714917183 491.23617214 589.837151885 429.195136309 611.53949964 430.551831961 599.091422796 493.576538444 583.421775579 550.575707197 577.197408199 405.51763761 594.703386545 397.850445509 595.860154599 369.994114876 627.067283452 373.201733112 630.254715681 406.144721031 600.991502285 414.698475599 611.4595204 365.827667356 609.370218515 320.774341106  
/home/tianli/face_detection/results_one_person/original/forest_person/153.jpg 302.710762262 361.651946545 300.286095411 322.537350416 301.064477324 273.869716167 320.849670887 271.802518606 316.857839584 323.216180265 310.110220194 356.268955946 272.78951931 290.715646267 279.133911848 258.207202435 288.581579208 230.123068094 326.461974382 226.827037573 334.362142324 252.594302475 338.63690865 267.050902367 308.812131822 227.859354183 305.911072731 194.944643378  
/home/tianli/face_detection/results_one_person/original/forest_person/739.jpg 400.496881962 257.851466417 297.748856544 201.10451746 435.470037699 162.625596285 433.684547663 167.461790562 355.093096256 202.789749861 409.37616539 270.074176788 311.462274551 212.904830694 310.953885555 210.31984818 324.560430586 125.09663856 331.719101995 158.171951294 320.380613804 226.621567726 272.490086555 263.76571703 317.384049177 136.839058876 271.376335621 103.095019579  
/home/tianli/face_detection/results_one_person/original/forest_person/132.jpg 454.099807978 430.720760107 461.82379818 366.476099968 458.067023635 300.596673787 426.163635015 303.0171597 424.81651926 372.860784471 427.320051372 447.344761848 497.979726076 299.927304715 480.350846291 259.038836122 468.355524242 209.955750465 401.76889348 218.758625865 398.812639236 274.133754969 387.054117501 313.035463572 428.496939987 195.120623767 412.661571443 148.121107765  
/home/tianli/face_detection/results_one_person/original/forest_person/952.jpg 451.838540316 548.442654431 342.387942076 205.422163725 461.084667921 386.166836977 462.320902824 380.426465511 457.554302216 456.378388643 458.511898875 554.835857511 392.308937073 189.136696935 507.941299569 222.522615433 433.506947517 284.170283571 492.184525847 284.796259105 506.446376085 222.8910079 503.70050478 179.506445229 452.627676249 269.489327073 459.655117512 222.615933418  
/home/tianli/face_detection/results_one_person/original/forest_person/145.jpg 359.153601408 532.355633378 379.896218248 463.442553997 400.508720636 379.929501735 437.053238988 381.529454589 430.543715239 476.480232567 424.487082005 561.071948051 341.724875927 353.30008173 362.798658848 312.079037666 376.845496655 245.577661157 447.036564112 258.331191778 458.778024673 326.89847517 486.62126708 385.411533833 413.925944567 218.714009762 411.69178459 163.220806956  
/home/tianli/face_detection/results_one_person/original/forest_person/483.jpg 154.967617869 416.176382542 150.500535011 379.965284448 146.793163419 336.602274179 170.943673491 335.9949646 171.933685832 379.032113254 174.163201571 416.541090965 130.04969883 336.598050833 127.629244804 314.291651607 135.248084068 282.384441853 174.207200527 275.363892019 193.30435586 286.936423779 209.960524082 269.541630626 157.832277179 278.195466042 160.934424639 238.30918622  
/home/tianli/face_detection/results_one_person/original/forest_person/839.jpg 500.569059849 322.299870253 498.361463189 273.342340946 502.061845064 215.296844959 525.84916389 212.64498359 534.452700138 276.533046424 542.128585815 329.947570324 465.911393881 208.086208344 480.88870883 181.205216289 487.62026453 156.078072667 530.704225898 150.847957611 540.636452079 187.735943705 558.515447378 177.220251322 507.915791698 154.931369424 508.18774493 106.689305663  
/home/tianli/face_detection/results_one_person/original/forest_person/519.jpg 427.182922184 424.928104162 415.670613289 364.046363987 418.191490054 297.433085918 386.973962188 291.892740011 392.094230175 365.574068785 401.108066559 423.61223793 439.696914434 298.548020124 452.453600943 260.535663426 448.528214693 212.712692916 386.350441337 207.821185589 367.803847313 172.162165344 409.71227932 158.674822807 418.564032316 205.319236994 423.379413366 162.034867167  
/home/tianli/face_detection/results_one_person/original/forest_person/594.jpg 327.953686953 386.854076982 337.292560101 334.664481878 335.989459515 276.57887584 364.917572916 275.202017188 358.755995274 333.633000255 347.733530849 376.868608475 310.801806927 240.652242899 317.447413445 264.232656002 317.988570571 228.935570598 365.33077538 224.742216587 380.013619636 253.395117044 387.825212821 282.785534501 341.03076303 223.203329563 335.743629456 179.669208795  
/home/tianli/face_detection/results_one_person/original/forest_person/923.jpg 471.526729584 356.138337284 464.860528231 298.925848365 457.280743361 240.956973553 483.689900458 241.192886591 482.461470008 293.537208557 483.056040585 308.921665192 436.575067997 223.986067057 438.350206614 193.259188414 439.690932751 174.576840162 490.489975572 173.705983281 510.923559427 205.626030564 496.64996767 222.738924742 465.883601904 170.121078014 464.037107944 122.370116353  
/home/tianli/face_detection/results_one_person/original/forest_person/529.jpg 125.406202316 726.881199837 150.254541159 655.326328754 187.455516219 597.621026039 225.513116837 595.504219413 277.500554442 624.835259914 224.217630863 657.321331978 253.139380217 507.002867937 241.96419692 562.016506433 212.067592248 514.550494194 258.922774196 516.547320783 287.919796467 551.703324318 265.076895475 501.699177623 234.888859391 504.284142494 242.47491014 446.932537079  
/home/tianli/face_detection/results_one_person/original/forest_person/936.jpg 400.401889086 628.957616985 392.8691926 531.507322848 386.956820965 438.667754889 425.812460899 439.943024158 423.777479172 531.760943875 419.419455111 621.851724029 367.433048725 456.907166243 368.21386528 401.204017639 372.966992855 336.720314503 443.730786622 338.872542143 445.076940894 400.223193645 449.701080799 453.688322663 409.645171881 313.501074314 409.133995295 254.549411774  
/home/tianli/face_detection/results_one_person/original/forest_person/508.jpg 530.819410682 349.659364462 525.713221669 291.259730935 526.757176161 234.119223356 553.444418192 233.821572065 567.470142126 296.690448523 574.226236582 353.099820137 503.943977356 146.667094946 482.782693386 178.930427313 515.578135043 156.246604785 567.689979076 157.547473907 572.229743302 202.411830187 574.690583706 241.748515368 542.694617987 147.076976061 539.562812239 100.683431625  
/home/tianli/face_detection/results_one_person/original/forest_person/690.jpg 363.935873389 764.916970611 194.711955667 517.119781971 221.004062772 604.239051506 221.230501175 604.653684139 372.081288531 637.278078675 363.878523819 765.389974594 359.930873632 407.810930729 300.605280399 338.520294785 340.204384744 259.387112856 376.63438797 208.345837116 300.072481804 338.529024839 376.704387903 417.183072805 350.2619946 198.311092615 369.026106119 163.159760475  
/home/tianli/face_detection/results_one_person/original/forest_person/253.jpg 198.519128084 503.670969009 236.434732795 396.14898859 244.023684504 285.202924013 218.266360521 284.471305877 271.852443218 380.89951992 278.390547991 498.313750148 291.125868738 204.937579393 258.670639634 166.203020334 245.120578289 121.152992725 205.146232128 124.585318804 175.003597975 187.075101435 173.625208497 238.772939682 236.775724053 108.573807597 276.582701266 54.1530218124  
/home/tianli/face_detection/results_one_person/original/forest_person/292.jpg 327.404500723 502.42198801 322.353111029 434.839657784 324.401549697 360.198671341 356.092991993 360.676429749 344.692513943 429.888971806 342.840025663 497.964750051 352.652505398 315.545553148 308.98867327 326.915031672 305.95646143 276.779863894 353.522479057 275.965748876 362.773818135 322.466062307 374.124011278 345.746349335 330.690083861 265.816308737 325.830478668 217.757332325  
/home/tianli/face_detection/results_one_person/original/forest_person/239.jpg 498.007889748 434.949262857 436.439079046 203.506041586 467.291408956 279.734035969 516.374729961 280.082557678 606.087020397 289.869895697 609.411473274 394.867730141 414.218291521 225.782526016 405.126581192 262.30309844 449.935099363 166.201383352 552.047593594 180.810602605 579.864856943 261.471616387 550.246917725 299.598347515 499.412320316 152.082671881 508.238848925 85.0912363529  
/home/tianli/face_detection/results_one_person/original/forest_person/607.jpg 373.74970901 381.77756834 369.316324949 323.531754076 366.430354357 260.060565751 395.709061325 261.690910578 394.890377641 324.260301739 387.37170893 380.47408691 386.143367529 196.124901548 355.107016027 218.32148838 359.911553383 187.579707861 403.880817764 189.068315029 408.859347582 226.803295612 413.061369419 266.575659037 384.359938383 182.185151339 386.757810116 138.54863739  
/home/tianli/face_detection/results_one_person/original/forest_person/733.jpg 325.106685996 802.902721643 325.237979412 750.404826164 340.111064635 628.766835392 397.175979018 635.32247138 397.284852386 740.751578927 1173.45916045 751.256703854 341.543965816 528.450996161 302.788518667 489.865004539 332.675741255 466.542546868 419.829347491 474.598908067 449.705597401 541.639562845 450.996902943 599.711735249 372.681831062 445.828594804 368.187629461 382.33084321  
/home/tianli/face_detection/results_one_person/original/forest_person/442.jpg 520.971305847 706.248319149 509.722928524 597.151585937 501.842211485 477.872469425 451.170416117 477.417809486 460.763805985 602.751228452 459.253796399 714.269357443 283.416096926 299.519359976 597.109526873 326.992943764 517.419612765 351.820581675 436.675218582 351.068773508 351.874652863 325.406599402 670.540207624 298.957670093 477.668059587 336.58130455 475.059215844 275.501142323  
/home/tianli/face_detection/results_one_person/original/forest_person/1035.jpg 171.34311837 459.579409033 169.961753607 379.312679112 167.344420433 288.052830219 196.090352252 284.268374592 197.577765226 380.217127264 154.365455151 432.345335722 173.073747516 304.101685047 156.360292852 254.650257587 156.92088443 200.042049408 200.811831236 188.724330485 225.363647938 182.866492033 253.444940805 178.022001028 181.220122933 187.00399375 187.68933174 130.406620383  
/home/tianli/face_detection/results_one_person/original/forest_person/44.jpg 322.563894033 433.170033216 329.492985249 356.196510941 332.566513419 288.891043186 360.918550014 287.220437288 361.639743805 358.396693945 348.138532102 424.709725857 334.651912212 268.960180819 302.213793993 243.71642971 333.181287169 205.765621305 385.73575592 210.009803295 374.324082851 243.619797885 382.091772556 261.823785186 364.738929629 202.744588494 373.021726727 155.258468449  
/home/tianli/face_detection/results_one_person/original/forest_person/812.jpg 405.766139984 828.165876433 416.307024479 747.36502105 419.796163797 662.432558537 376.737997293 660.918314636 379.521347731 747.203903019 395.569803804 828.952567756 456.384647369 677.256700873 461.902604938 616.543061256 438.731197834 558.803144932 363.58087948 556.769099295 333.998082876 589.170238137 378.592437744 557.04430294 400.26319623 539.762641191 400.110116243 487.242286682  
/home/tianli/face_detection/results_one_person/original/forest_person/907.jpg 395.864067659 357.681315303 393.045370102 290.883540988 389.072182894 214.215683222 424.436532736 216.486432314 418.18522191 290.170318604 412.65565449 358.271691799 328.963298321 119.726214409 350.596886873 147.481109381 371.113735676 111.609716415 437.14217329 109.4041363 444.517409205 156.287902027 460.375775963 199.398909569 402.653064728 100.506653547 396.104213245 47.4952602386  
/home/tianli/face_detection/results_one_person/original/forest_person/1027.jpg 588.283459216 1198.17329836 598.552878618 1073.47855926 562.491741538 876.312769383 617.568931818 888.941527128 581.531168699 1076.58106756 575.946523666 1164.72275639 523.382401228 791.319088459 541.661303043 813.656170249 578.476187587 732.553495347 621.383009672 728.63122654 613.695352554 821.418945312 554.402338147 875.958007365 590.97603178 692.237176135 585.994398594 623.667368412  
/home/tianli/face_detection/results_one_person/original/forest_person/661.jpg 758.242609262 474.624825358 739.069009364 397.061722755 726.098437071 307.186224043 765.071801782 310.462312222 745.658453226 397.334436059 763.377422392 481.02765584 687.915041924 174.294727325 709.500804663 217.875322819 727.211967945 205.960783362 790.514244795 214.482402086 827.774938241 251.748763651 795.642179519 288.685140133 750.750504971 194.87402308 741.502511621 137.29114747  
/home/tianli/face_detection/results_one_person/original/forest_person/448.jpg 442.219855905 556.773316979 462.808511257 474.727536559 453.931085944 368.590313673 502.890428543 370.41920948 486.553649664 476.057177957 451.077050745 552.213547707 334.250316143 342.870200157 383.036099195 308.212692007 429.114542603 258.510181069 509.228498459 242.126179695 529.08307457 307.803619042 517.580376625 312.270589113 461.063885093 240.767376184 423.39750576 186.029831886  
/home/tianli/face_detection/results_one_person/original/forest_person/948.jpg 178.027851462 493.995018482 182.155575752 355.91278547 196.812974691 268.658293724 237.15291357 267.002468526 243.69439587 426.879785776 246.360440016 492.189201504 134.074336052 293.870609045 164.342835128 241.530948639 184.067824602 187.900461122 252.089066736 183.467627764 263.928780556 236.150997967 308.782793939 224.547382116 215.187280178 170.425192833 204.242773309 115.849294007  
/home/tianli/face_detection/results_one_person/original/forest_person/695.jpg 164.028053075 429.806560874 168.083293438 373.674408674 171.012476623 319.371700287 141.539310932 320.184094906 146.912519455 380.857113719 154.058120131 448.554713011 164.663955092 289.54785943 181.817185163 279.179787636 182.301654339 253.454170942 130.855909109 250.806674361 118.60674262 291.271381617 114.436676025 332.773119092 156.363554955 246.019920588 157.385905981 198.938518047  
/home/tianli/face_detection/results_one_person/original/forest_person/791.jpg 310.826758146 405.523391485 328.143221378 340.650431812 338.805032492 274.299435496 371.915086903 275.050403893 378.627558827 345.166576147 372.652353287 407.015274525 293.307307243 235.489796162 317.829933882 220.385130912 329.779270172 179.754470035 388.945246875 183.555460453 401.01170516 234.073942661 390.480416059 272.355606556 360.418807983 166.13036871 363.060187638 112.419812918  
/home/tianli/face_detection/results_one_person/original/forest_person/172.jpg 1124.29178026 1012.43629679 1136.75468373 905.812041998 1107.29137629 660.978271842 1133.99576271 662.385915756 1164.24393578 912.477079391 1108.89211851 1007.44162107 960.379760504 596.600499868 1036.95237774 570.069604039 1101.97326791 531.510149151 1178.92402458 517.737920165 1227.5558933 595.426857531 1284.42482179 659.009559453 1134.8557682 496.199351311 1132.1024337 427.742006123  
/home/tianli/face_detection/results_one_person/original/forest_person/430.jpg 176.812501907 941.183343887 179.546133786 867.526349604 163.808897361 763.313121319 222.970717192 755.153794706 233.503826618 818.727306247 221.863735795 926.778670073 148.457200408 718.059473753 122.851258993 682.843701959 158.256311893 612.207765028 244.121524252 619.421219945 277.396341443 675.34139812 319.783684731 706.486611366 207.828792095 588.432761103 222.525194645 527.750488281  
/home/tianli/face_detection/results_one_person/original/forest_person/336.jpg 476.504396439 661.097021103 477.926626086 603.702162117 489.689078331 531.665069789 460.228768781 532.180664599 475.071717978 619.649575889 476.623162806 667.665560931 529.95011282 511.008058548 523.385952175 477.783639669 503.00529027 427.044218659 438.122643471 429.468946934 423.564287424 485.694626808 424.846204281 531.391482949 471.256502151 418.165029049 472.741032362 367.776653767  
/home/tianli/face_detection/results_one_person/original/forest_person/851.jpg 334.830620527 239.167227745 343.325949907 186.811729908 346.303115487 129.335319996 320.124347687 129.72544384 319.779896975 173.954961061 328.098024845 203.730297923 369.301934719 142.713666677 366.9520998 111.574803114 360.378266335 77.8864786625 312.517095089 74.000841856 301.195182204 105.152020454 291.159362197 133.130068779 338.704985857 75.467017293 337.738333464 46.447429657  
/home/tianli/face_detection/results_one_person/original/forest_person/311.jpg 183.397979259 487.225496054 228.357630134 383.152149916 171.69762361 271.244782448 164.129112244 269.868037581 163.801256731 374.21736908 228.245538428 472.889544487 223.253163338 253.600862026 186.118181825 212.415394872 216.520423412 154.691063643 213.817612171 158.058086157 188.038006663 211.462878704 232.120099068 257.031157494 216.793281555 151.336437225 249.146298885 118.364707708  
/home/tianli/face_detection/results_one_person/original/forest_person/574.jpg 132.739739597 291.854776412 131.114262342 268.440342128 126.456558704 216.215754032 122.387030244 214.671900988 131.378194988 261.872007132 132.472342581 290.869117856 124.80480057 204.285916954 131.057321966 194.440737247 133.78870523 158.129536629 122.992345333 157.825753689 119.542515516 191.131781816 123.45808363 204.111894324 130.293767571 156.552071035 126.370588541 122.379516602  
/home/tianli/face_detection/results_one_person/original/forest_person/383.jpg 301.106160402 275.736810088 309.159249783 234.347671032 309.870840311 187.032943249 290.244785428 187.400874674 291.640444964 232.887646675 292.733730853 274.035838127 314.924044251 172.796229005 329.663467884 157.514490366 322.854523063 131.272744954 281.439158916 129.752893925 272.600995302 156.373029619 287.035891056 163.720748812 301.70467639 128.379220486 302.802463293 83.2279300094  
/home/tianli/face_detection/results_one_person/original/forest_person/40.jpg 465.645632744 565.358839273 465.185536861 566.203053951 458.056348085 507.372037292 427.927892901 511.380148888 429.867665052 564.661601841 438.562438965 615.258744717 493.321212292 471.680108309 473.522973537 446.576050997 452.408936173 413.258003712 403.833696961 421.556300759 397.601514339 460.776229024 378.747879624 487.855861187 428.010399099 413.947278857 420.023667729 369.392109632  
/home/tianli/face_detection/results_one_person/original/forest_person/1001.jpg 384.488746166 461.857120752 383.635108948 397.065325856 382.903684855 346.777300954 414.502721786 347.038900673 417.642395258 394.987237573 412.83074522 458.982647181 366.454918146 347.176836431 365.68935895 313.163110018 370.679888725 273.875802755 427.254399836 274.150412798 431.421805859 317.532371879 433.968652964 351.249090672 399.173219681 262.006652117 399.312204599 210.460177541  
/home/tianli/face_detection/results_one_person/original/forest_person/143.jpg 705.243709087 836.386641026 834.472983718 643.874359637 834.738045454 521.783011913 793.964075565 522.550690889 785.627954483 651.868846208 712.52285862 834.421044469 811.738918036 404.112142339 848.14074707 457.087380648 855.144373417 387.444764733 766.634721756 395.072513461 749.391141772 503.045273781 730.780273795 579.974445689 817.440697908 353.429708004 823.89152813 285.182909369  
/home/tianli/face_detection/results_one_person/original/forest_person/178.jpg 1018.06329226 1149.3415674 1056.43495798 1083.02741039 1002.54571617 746.279766321 1815.50215149 450.611603618 1062.91345644 1082.95228171 1057.39445734 1159.03647947 982.413509369 718.209437847 951.261312485 668.055588752 962.137500405 555.139686525 1101.90531826 557.756123781 1113.2565608 661.56742239 1085.95125484 723.479598761 1028.03873227 522.343087792 1025.21816778 459.841535091  
/home/tianli/face_detection/results_one_person/original/forest_person/702.jpg 373.561199665 555.896009155 362.175722122 475.779621944 356.502920389 399.870763779 396.584846675 399.469291449 386.792614341 477.609457135 377.415384054 560.382371664 320.77498579 404.367930025 332.871814609 358.10783577 343.028327942 301.095708847 415.297704697 303.598349333 417.666927814 361.997690439 425.527733803 412.271637917 379.995786021 285.695593476 384.121429443 228.464942545  
/home/tianli/face_detection/results_one_person/original/forest_person/22.jpg 828.88675946 650.557881951 700.859054744 460.338498205 768.747800589 356.264319986 829.639849067 355.735604942 844.796065867 495.597886801 832.567758083 605.202761173 739.44939971 399.962929249 746.679338694 290.778879762 748.622005045 197.281588554 844.074990071 186.758375406 861.592481375 285.414835811 873.753154755 376.218446732 798.195212126 151.648026943 807.878031254 95.1144237518  
/home/tianli/face_detection/results_one_person/original/forest_person/94.jpg 421.510956287 373.311861396 428.046085469 337.325409651 429.977283001 313.301060677 411.971715931 309.560352921 410.651979089 338.199968338 414.836403131 372.81940192 435.908498399 289.706858158 447.484172821 289.080426693 436.637466073 256.968069553 405.645093441 258.517317891 392.981683016 281.971105814 412.109535314 283.667541862 421.614106297 254.690890551 413.97781086 231.747946262  
/home/tianli/face_detection/results_one_person/original/forest_person/63.jpg 556.67550683 625.563076973 550.910502911 565.453885555 549.70271492 498.860530257 581.827554226 501.087023735 582.293656349 566.634037733 575.673286438 625.460778236 555.265403569 478.942762136 528.36081028 454.728698254 535.68577528 411.893994577 599.718030691 412.734775662 606.202479362 454.536367416 584.561117411 480.453964233 568.583578348 396.881287158 567.898507595 346.916638017  
/home/tianli/face_detection/results_one_person/original/forest_person/450.jpg 347.080861986 1004.7971639 357.819072366 922.022183299 372.516060174 822.317607403 325.429495335 820.779470682 311.812380791 900.74421072 304.473933697 997.179911256 405.506837368 829.857174993 406.702593803 766.95771718 397.883443117 689.995919228 314.670362234 685.387145519 306.411753178 767.467415571 288.273900032 829.232365251 358.016215324 670.229984045 360.119383335 607.849058151  
/home/tianli/face_detection/results_one_person/original/forest_person/775.jpg 344.117149353 398.709901333 336.658284903 330.049839854 375.06853652 291.723034471 412.629629552 291.74593693 398.086199522 334.078191042 407.251955748 422.894829988 349.998659849 311.961150408 363.730906129 279.410084009 368.337436199 233.35734725 428.927324235 220.246598199 459.586973697 253.330093861 434.545507431 290.618404627 392.106588364 209.196933031 379.163284719 161.878684998  
/home/tianli/face_detection/results_one_person/original/forest_person/949.jpg 192.496437311 354.978134394 188.814404607 287.305363417 185.986519814 221.76762867 219.174464881 217.061431646 233.996059656 281.197392941 236.823528409 345.370587111 201.882168055 195.13999325 149.487041831 177.056172371 162.381436229 135.961177826 221.995561361 137.430361509 231.039410353 172.271722406 242.43683815 179.247301996 197.692610621 131.958145186 215.551343441 81.7915472984  
/home/tianli/face_detection/results_one_person/original/forest_person/275.jpg 118.523209572 231.505886078 124.634106338 186.516602874 119.095178366 161.072458029 128.574254513 157.731495619 130.579124689 185.037809134 120.374713659 227.091130674 133.094664454 147.094147444 118.950217962 147.079243362 114.790023685 116.632672191 125.59709394 115.432504117 130.810710788 139.78034246 144.470738411 136.007537365 126.853177547 115.996360282 131.949281532 88.0545508862  
/home/tianli/face_detection/results_one_person/original/forest_person/525.jpg 623.457037926 718.915511847 677.46364975 615.000804901 623.495595932 508.129833251 630.062710285 513.34637332 630.067612648 625.582174778 621.828018308 717.771829009 647.248964548 424.994878054 612.022528037 442.832307458 611.700756907 397.257020831 643.208447635 389.997247815 643.442379713 449.425269604 673.216672421 438.200580597 634.021026015 376.91262579 647.719880819 317.612052917  
/home/tianli/face_detection/results_one_person/original/forest_person/593.jpg 115.582033336 451.180577397 111.597379208 394.281588912 108.35295698 322.253549576 137.897482634 322.492172956 126.179571629 394.501366615 152.295938969 440.633643866 100.942317307 291.480210483 93.9469434023 275.574501812 103.546545267 246.49135375 154.745159864 242.763682604 157.446458936 282.964690924 127.469509363 300.330439597 127.625400782 230.604291439 125.324341059 182.529685497  
/home/tianli/face_detection/results_one_person/original/forest_person/1069.jpg 913.994059324 354.546998024 899.018289387 231.83352375 765.199900985 235.809085965 725.067694187 241.726536274 895.38182044 228.768031836 915.809478492 357.074841976 808.639143944 228.528052926 790.40712142 202.468516827 773.609180093 118.90600419 700.907808185 125.077622771 706.612734437 178.869070292 761.543900967 211.152627289 741.143292665 99.0103051662 751.370050669 36.8686288595  
/home/tianli/face_detection/results_one_person/original/forest_person/735.jpg 235.913860358 411.905577153 228.994321406 345.978013277 237.733496785 276.584431469 242.590944171 305.430439949 234.608329415 341.161966443 236.403050184 405.397332072 228.932992756 229.671939373 223.293415785 252.130167916 226.424203634 223.104216814 270.716485977 229.065395236 294.361285686 258.133198977 271.986565113 280.897786856 247.58776021 227.499707699 247.483160257 186.767550349  
/home/tianli/face_detection/results_one_person/original/forest_person/782.jpg 64.8162412643 207.014814615 76.3541510701 152.997979164 132.02434261 168.632981062 162.275163651 178.273587108 88.5021977425 155.163311362 108.405820221 219.351653278 73.0470631123 139.236274898 100.258248657 140.307121962 112.656175137 105.134213686 153.334365129 105.69849205 137.702318192 146.952552438 80.4180662632 140.053446069 128.548029184 94.6136713028 110.823755503 46.1935136318  
/home/tianli/face_detection/results_one_person/original/forest_person/407.jpg 453.889924049 430.967625141 461.697305799 366.239150047 458.381540775 300.515072048 426.297968507 303.045435905 424.879477501 372.631891072 427.204045296 446.924120903 497.96506834 299.541302115 480.086297512 258.514801741 468.441839516 209.891476154 401.715797424 218.792703629 398.849214315 274.185401559 387.057911992 312.896701574 428.505280733 194.912784219 412.619758606 148.088999897  
/home/tianli/face_detection/results_one_person/original/forest_person/177.jpg 285.548950076 411.878978387 265.412708998 340.178401738 239.460447073 265.854213715 272.566559792 252.92731142 302.501655102 316.49674055 316.86709851 378.856062293 161.948224068 232.615552902 181.233998418 252.692158818 183.87688303 206.54513216 241.620572567 170.004692912 285.372585773 184.630060911 333.848231554 206.739977837 208.111103773 186.044117212 172.272513062 132.495101929  
/home/tianli/face_detection/results_one_person/original/forest_person/326.jpg 392.092020988 631.57819128 468.589500427 512.873751879 348.801182687 476.580342174 365.597057581 469.816092134 325.558835506 605.203591228 369.526865244 658.348063231 326.230017424 499.460774481 311.443868637 406.645105362 315.741368026 317.122688532 384.309397459 311.543474436 377.379948854 388.704641759 405.906588078 430.103768349 349.984116912 285.538673639 347.977639783 222.186830044  
/home/tianli/face_detection/results_one_person/original/forest_person/716.jpg 525.818474293 595.760514528 506.460759521 500.81106329 429.264142275 538.700979114 437.371824145 540.472972959 361.866799831 450.023467898 226.793168068 603.638522387 397.113750815 448.868811607 449.056964397 410.48563695 480.257133484 381.310670614 449.347230434 395.117580414 403.454356611 455.817576408 394.767614007 449.733091593 467.699533314 368.285445929 459.08043468 305.973218203  
/home/tianli/face_detection/results_one_person/original/forest_person/548.jpg 473.586991072 1003.63287312 359.774332285 809.51321435 383.270994902 571.900317788 468.332322508 603.321041584 460.068573453 683.700007737 485.067619562 839.873303413 374.718552113 289.22024703 304.986721039 369.685580254 370.983364463 419.794600576 506.500626206 436.627301276 484.533088505 479.934621811 375.379264355 288.926733017 425.169147015 395.560066342 422.011452198 337.405220032  
/home/tianli/face_detection/results_one_person/original/forest_person/824.jpg 114.155458331 2532.78942341 3521.56443691 1193.1045084 2689.32948112 1378.19868672 2829.68990135 1395.3375631 2803.8719933 1621.83572102 909.270043612 2518.09748888 2688.94755173 1239.03986931 3517.60737801 2274.2237134 2709.0167762 1111.10527897 2839.22665882 1111.10777903 2905.97051239 1273.3683126 2809.30208302 1040.76313972 2778.23460746 1092.90339863 1587.39614004 1587.57059756  
/home/tianli/face_detection/results_one_person/original/forest_person/119.jpg 935.865020752 811.383040607 939.388736904 732.090646788 936.67636776 595.596557111 989.71069169 594.17740202 1004.654284 723.915471315 1010.69031775 795.44448626 818.580076694 436.467636198 869.99183476 465.919489384 914.191504478 448.937501431 973.305849433 426.0283494 995.061753333 501.159871817 981.118836164 581.97984767 925.514965534 408.458960056 908.163589954 348.423406601  
/home/tianli/face_detection/results_one_person/original/forest_person/722.jpg 410.554377079 305.374106884 403.764116019 241.250821114 396.751350343 174.766674042 376.357410431 177.626384497 365.318118572 239.874296188 387.758501619 303.228855848 403.135102987 161.970799923 421.178843141 132.752675593 421.071890235 93.08683002 388.974215031 99.4957033396 389.78583324 149.961479545 373.312691092 187.94994301 399.753207207 85.4343512058 389.086647749 36.8850809932  
/home/tianli/face_detection/results_one_person/original/forest_person/35.jpg 505.679058552 574.225880384 508.873708367 499.250556529 515.239996254 425.530193329 567.604743958 428.222736016 565.283658147 509.478405356 553.553271532 596.340850085 481.741284132 436.602833986 487.094941378 356.520092487 496.654778719 269.963150024 585.924202681 274.193894982 597.223686337 356.717297137 601.035527945 424.659288406 540.466564238 240.157476425 538.923847198 177.250760794  
/home/tianli/face_detection/results_one_person/original/forest_person/435.jpg 460.425080955 288.809668064 460.292669415 242.810547709 442.537603259 189.910784245 468.42334795 189.252080202 465.773576736 238.253697157 461.629236817 289.820890188 441.74830246 131.21882093 421.626566052 156.769293547 428.897492468 126.789245129 469.829828024 124.437859714 481.703530788 142.00814867 483.647993147 145.316100121 449.928486347 122.920438051 443.867662892 81.2905800343  
/home/tianli/face_detection/results_one_person/original/forest_person/150.jpg 198.523317337 569.491651773 265.768656254 485.394570351 295.560506821 390.166228771 329.576373816 389.513468623 340.542759001 478.573033571 338.725792408 579.334374845 306.247495651 413.246665597 298.540260077 359.170891285 266.929888725 281.393903255 314.574978113 282.124486566 324.030234411 351.031835556 352.566049337 400.644649506 302.520789623 260.43091321 300.705970585 202.399659038  
/home/tianli/face_detection/results_one_person/original/forest_person/825.jpg 396.848069608 652.708301902 388.881325543 563.021651506 372.765224576 449.419479847 436.806717157 447.021245956 478.504563808 561.978945255 521.066244125 649.490080118 269.268524885 302.895089388 283.635735065 363.187062442 333.093576193 296.289074898 442.781421185 271.946516514 509.045619488 312.956718922 578.178467751 308.432091594 383.186029434 248.431460619 374.461665869 183.975550652  
/home/tianli/face_detection/results_one_person/original/forest_person/989.jpg 288.005029678 572.695238531 289.584244013 492.900165558 291.024675965 406.715143681 309.237665534 402.657911777 290.682818532 488.186694145 287.001427889 566.94364953 315.127925336 365.176527262 260.90267235 353.205243826 279.210716963 292.714700818 299.050603151 290.908066988 297.328832388 343.175826311 320.538076878 361.14489603 297.683375597 279.909822464 335.659118414 237.834786057  
/home/tianli/face_detection/results_one_person/original/forest_person/512.jpg 479.148477554 550.05638814 407.829093218 495.803894043 401.323157072 413.837537169 433.54821372 414.299023628 451.444341004 484.855912864 480.690783501 549.637915492 327.706374884 394.615998745 421.569934011 356.328020543 408.552424908 306.428394079 432.723167419 305.644811153 437.542527318 361.49730587 431.598928213 410.893771291 414.605901957 288.47609067 384.676809788 232.620298862  
/home/tianli/face_detection/results_one_person/original/forest_person/826.jpg 372.876724124 525.93097353 368.866774797 464.5007236 368.352065086 385.820225954 407.384644508 386.799306512 407.762896061 462.662089825 406.921323538 529.033470154 332.791973889 382.391389608 341.952637672 330.021491766 358.999297142 272.621661663 429.161056995 275.410844147 436.816997409 339.002014518 441.026854753 384.506176472 393.146905661 252.491628438 389.246822596 197.925587058  
/home/tianli/face_detection/results_one_person/original/forest_person/597.jpg 419.751753122 505.990429401 459.600628138 425.510476589 445.537913322 342.352795839 491.241834521 348.508956373 505.996974707 426.307896137 487.449089527 509.718934774 403.200544357 298.773967862 419.35486573 273.722099543 452.04041408 234.708627701 504.169979572 250.398480892 507.757342711 316.847707927 531.42986834 362.560375452 487.788012028 229.536593795 507.849511862 175.271657944  
/home/tianli/face_detection/results_one_person/original/forest_person/895.jpg 383.614765167 570.853746414 391.848861217 495.948035717 388.487077355 419.611590147 346.946463227 422.145470381 356.798051298 506.141429186 360.578825474 588.084343597 430.697855234 421.903863907 417.95516777 380.43700403 390.99048996 341.599396586 324.017987756 337.163019896 304.145140171 389.779155254 340.084761456 386.056135058 359.605331898 331.357738853 368.438136101 283.26898551  
/home/tianli/face_detection/results_one_person/original/forest_person/697.jpg 403.796637252 318.032485723 400.95550704 268.63219738 397.296662092 218.935987473 427.449574351 217.071624041 429.335215211 270.116370201 429.221022487 317.339325666 362.454560399 199.441196442 370.124205351 181.335689783 386.358784795 148.565348208 435.711745888 147.374726653 439.77401495 180.943782926 448.203106403 218.132581711 413.624146342 146.69327116 422.90889287 102.091356516  
/home/tianli/face_detection/results_one_person/original/forest_person/329.jpg 395.497926831 564.226675794 394.85902822 482.848786354 397.747036099 394.670785785 440.80141592 394.195198774 444.207513154 484.686367214 441.524839401 566.480859518 380.570303082 383.839273453 378.913256049 336.525117874 382.692855835 274.098483205 463.927150965 273.528211355 476.144427329 334.630930662 449.615298033 316.165532976 422.320931911 252.947598875 418.703204751 190.950345039  
/home/tianli/face_detection/results_one_person/original/forest_person/335.jpg 226.337035894 320.940726042 217.876539469 265.555459261 216.875900269 211.413193703 241.864513397 210.938858151 249.94310832 269.559703708 251.709016621 322.339548469 159.378581762 210.332110763 180.353914618 183.514365196 201.527677059 160.803927898 241.317180872 153.031905651 257.037397861 181.378787875 258.898050904 226.818399668 219.853454813 155.359921515 210.141455531 108.994294465  
/home/tianli/face_detection/results_one_person/original/forest_person/158.jpg 551.553731918 868.703061461 546.814351201 826.396484494 546.167991281 772.157574475 571.754105777 771.395276666 569.73601079 821.899092078 568.222566128 870.184676886 510.092838287 763.699169546 524.394567132 730.370318174 534.428545713 697.082092285 587.730837822 699.119702995 597.318032861 736.764179945 614.623042107 766.603554487 559.735830307 685.288809896 551.194141865 645.888757706  
/home/tianli/face_detection/results_one_person/original/forest_person/120.jpg 586.484361172 678.175951719 581.788114309 577.264678717 565.262656569 454.049564838 494.0454638 467.997781083 498.627513885 611.998848152 506.753789425 743.047314167 613.658198953 467.848330081 606.333478928 388.535352111 591.328233004 278.673097134 454.21717453 285.274236679 443.020577192 382.03031826 437.700523138 459.979421239 517.552305818 229.712518811 509.545643687 165.519866109  
/home/tianli/face_detection/results_one_person/original/forest_person/641.jpg 369.307364941 295.064829111 367.025882721 255.527117729 368.068468094 209.241592884 387.217468381 210.673477769 381.645814538 259.063918233 385.101788759 305.699462891 332.801492274 204.117792293 349.406900406 182.692658186 360.950036049 158.836751461 391.941408873 155.166707635 397.236624479 187.448352098 391.313964844 214.593232632 374.744957924 153.679964781 368.714273453 108.442490041  
/home/tianli/face_detection/results_one_person/original/forest_person/516.jpg 646.251540661 537.876964331 625.927964926 478.588670254 603.165029466 410.297183633 565.462698579 410.254983306 576.151779175 479.175934792 577.434148788 543.612023354 614.952785969 388.269504279 627.869055554 382.851971626 617.976742744 333.264868617 618.652145743 332.810652077 572.400343448 353.685538054 574.80288291 380.058518849 588.958163917 320.320443869 595.53815046 270.028853893  
/home/tianli/face_detection/results_one_person/original/forest_person/1052.jpg 365.521673679 819.531719804 367.215171814 736.842288017 368.717917442 644.21130769 418.503082156 644.155960575 415.743889332 745.445166349 405.385038972 830.213386536 336.041965246 651.400493085 340.150148422 594.271507978 354.097169876 535.393369913 443.803794324 543.819135666 452.374091029 597.672483444 436.612283647 592.748529911 398.44929409 519.30634284 401.585742474 458.672688603  
/home/tianli/face_detection/results_one_person/original/forest_person/977.jpg 528.16244936 594.628800869 501.150174141 521.911716461 468.214974791 401.181244612 519.140791416 388.762896717 513.559455156 487.808377743 530.446551561 604.759079337 429.325654626 373.971267939 397.108728409 356.180251211 412.216429621 281.999321461 505.929740429 246.996362925 543.985709906 289.832294703 528.821797609 333.194071174 452.268507004 250.330411911 425.122045279 189.919494629  
/home/tianli/face_detection/results_one_person/original/forest_person/988.jpg 651.358208418 904.652987957 515.69982776 797.289401889 547.455623865 670.391212463 645.30841434 694.062613964 634.895006299 806.146422863 651.482776105 900.779730737 489.841009617 733.297674417 508.13807787 649.749420404 542.382011414 550.995074987 684.75484252 551.396231651 699.366729856 657.824304342 722.604349256 729.015280247 611.610624254 513.636488199 624.67733407 451.595933378  
/home/tianli/face_detection/results_one_person/original/forest_person/1061.jpg 375.360341549 625.618991852 404.784298539 517.3120116 403.946655605 394.943560123 441.82954669 348.091384679 437.239981174 521.595141411 439.530544281 628.477040768 401.251749992 369.241679907 364.43909961 277.547592878 397.289381146 151.234963894 443.912826002 138.685188651 364.503310382 276.836570561 406.395196438 370.87618196 436.561525404 134.705804825 480.24500823 65.019425869  
/home/tianli/face_detection/results_one_person/original/forest_person/427.jpg 391.473716259 697.287253857 386.273868561 624.947812557 378.774359465 531.074387491 425.928473234 524.980027497 426.224674344 623.473840475 420.074387357 706.797567964 359.642804146 464.617592335 327.35697484 477.562751532 335.805340767 414.655388832 417.281592369 401.312391758 435.439334214 447.22580719 433.771322489 456.228850603 379.501748234 396.238365367 386.662482858 332.817357004  
/home/tianli/face_detection/results_one_person/original/forest_person/333.jpg 170.04689157 524.200417474 159.779739141 428.32688117 132.535107851 317.128509879 167.679591656 324.216364622 169.232809305 430.746336699 175.556041241 522.449559569 189.587387562 304.166892529 135.959175587 279.246031284 122.505183339 202.887583613 144.938912868 204.284883648 166.080130816 266.399094701 201.252212763 300.995966196 139.804721445 185.83777976 158.279205561 124.773454368  
/home/tianli/face_detection/results_one_person/original/forest_person/1003.jpg 293.447686076 1032.97342658 429.415822268 825.575476408 284.250582159 686.23334384 336.6600914 681.970789194 439.925260544 822.046577692 427.309312522 987.32509762 678.79868722 182.100056171 546.387509465 151.335748434 239.151732445 468.869919002 338.353655934 452.062529191 354.911017776 549.139126778 678.833062887 182.413217783 287.92271328 442.377224326 282.664234877 380.377442837  
/home/tianli/face_detection/results_one_person/original/forest_person/21.jpg 842.398923516 519.438259125 756.324285269 469.119190216 327.270423174 558.416799545 387.0238989 543.40555048 457.311909676 526.62771678 515.333253682 584.709167004 200.095995665 338.668153048 261.67071259 389.980431318 304.490291119 430.047941923 399.387683392 423.120856285 456.306310177 391.924873114 517.68084228 349.231683254 347.326226354 414.980119467 347.594567835 353.114793539  
/home/tianli/face_detection/results_one_person/original/forest_person/718.jpg 511.172087193 954.324148774 852.760399044 854.163552523 755.137016654 689.410906553 667.500977159 693.336057782 548.350954324 798.406129599 947.974965656 985.43422389 634.630043983 636.567857444 766.071967363 594.691740155 684.390070081 501.59420836 581.139529347 527.193226814 549.697978258 645.26776123 478.307482719 745.715600252 596.833855152 486.95808363 550.264088631 453.509246469  
/home/tianli/face_detection/results_one_person/original/forest_person/1023.jpg 406.459945679 474.703455687 406.651312351 424.433183193 411.673708022 367.213845015 438.535089016 369.673260689 452.164113909 420.917226076 464.070987701 474.223567367 408.050996542 244.744688034 412.501039147 256.849081993 416.26656723 304.918689728 455.783499956 303.806060791 448.056019783 347.366467535 452.049859811 356.112098224 435.025086343 294.545364618 424.854893923 255.469512701  
