1 0
2 0
5 0
6 0
8 0
9 0
10 1
11 0
12 0
13 0
14 0
18 0
19 0
20 1
21 0
22 1
23 0
25 0
26 0
29 0
30 0
35 0
36 0
37 0
42 0
44 0
45 0
47 0
48 1
50 1
59 0
60 0
61 1
82 1
83 1
87 0
110 0
116 0
119 0
122 1
129 0
130 0
136 0
141 1
143 0
148 0
151 1
162 0
165 1
167 0
170 0
172 0
201 1
205 0
211 0
216 0
228 0
231 1
241 0
254 0
257 0
265 0
284 0
286 0
289 0
290 0
293 1
297 1
307 0
308 0
312 0
317 0
319 0
339 0
340 1
344 0
348 0
350 1
351 0
353 0
370 0
376 0
385 0
388 0
391 1
393 1
395 0
396 1
397 0
404 0
406 0
420 0
421 1
423 0
448 0
452 0
459 1
460 1
463 0
466 0
474 0
482 1
492 0
500 0
505 0
510 0
511 0
518 1
533 0
540 0
547 1
583 0
585 0
591 0
790 0
795 1
803 0
812 0
821 0
822 1
826 0
833 1
837 0
838 0
839 0
845 1
850 0
854 0
856 0
862 0
863 0
866 0
868 1
869 1
870 1
872 1
875 0
877 1
878 1
894 1
898 0
900 1
903 1
905 1
909 0
913 0
914 1