3 0
17 0
46 0
74 0
82 0
88 1
91 0
101 0
113 0
114 0
115 0
121 1
129 0
140 0
143 0
144 0
149 0
150 0
162 0
185 1
195 0
199 0
215 0
217 0
221 0
224 1
234 0
248 0
250 0
271 0
281 0
291 0
291 0
294 0
305 0
315 0
318 0
321 0
322 0
360 0
368 0
372 0
379 0
387 0
415 0
428 0
436 0
440 1
441 0
445 0
446 0
455 0
456 0
461 0
481 0
488 1
489 1
493 1
495 0
496 0
529 0
554 0
563 0
569 0
571 0
579 1
582 1
598 0
603 1
605 0
608 0
617 0
627 0
628 1
634 0
639 0
650 0
654 0
669 0
685 0
695 0
697 0
707 1
709 0
718 1
728 1
732 0
733 0
739 1
741 0
747 0
754 0
757 0
805 0
814 0
823 1
838 0
841 0
847 0
849 0
852 0
888 0
900 0
923 0
946 0
960 0
969 0
970 0
971 0
972 0
973 0
992 1
993 0
995 0
997 0
1000 0
1003 0
1010 0
1013 0
1014 0
1059 0
1063 0
