21 1
22 0
35 0
40 0
44 0
63 0
94 0
119 1
120 0
132 0
143 1
145 0
150 0
153 0
158 0
172 1
177 0
178 0
239 1
253 1
275 0
292 0
311 0
326 1
329 0
383 0
407 0
427 0
430 0
435 0
442 0
448 1
450 0
483 1
508 0
512 0
516 0
519 1
525 0
529 1
548 1
574 0
577 1
593 0
594 0
597 0
607 0
641 1
661 1
690 0
695 0
697 0
700 0
702 0
716 1
718 0
722 0
733 0
735 1
739 1
775 1
782 1
791 0
812 0
824 0
825 1
826 0
839 0
851 0
895 0
907 0
923 0
934 0
936 0
948 0
949 0
952 0
977 0
988 1
989 0
1001 0
1003 0
1023 0
1027 0
1035 1
1052 0
1061 0
1069 1